* Measurement data measured by REW V5.31.3
* Source: Microphone (6- USB Sound Device        ), MICROPHONE (Master Volume), L, volume: 0.900
* Format: 256k Log Swept Sine, 1 sweep at -12.0 dBFS with no timing reference
* Dated: 24-Jul-2025 14:07:03
* REW Settings:
*  C-weighting compensation: Off
*  Target level: 75.0 dB
* Note: 
* Measurement: Acefast Acefit Air L
* Smoothing: 1/12 octave
* Frequency Step: 1/48 octave
* Start Frequency: 20.300 Hz
*
* Freq(Hz)	SPL(dB)	Phase(degrees)
20.299999	38.364	-27.4303
20.600000	40.671	-15.8328
20.900000	42.496	-16.1789
21.200001	43.496	-23.5811
21.400000	43.732	-31.3472
21.799999	43.451	-54.0207
22.000000	43.116	-70.2031
22.400000	42.659	-119.7916
22.700001	42.933	-174.0249
23.000000	43.780	138.9212
23.299999	44.903	107.8072
23.600000	45.954	86.7539
24.000000	46.830	68.1322
24.299999	46.949	59.4613
24.700001	46.377	54.3784
25.000000	45.549	55.6277
25.400000	44.350	62.7921
25.799999	43.410	70.0188
26.200001	42.528	70.2485
26.500000	41.673	64.6632
26.900000	40.416	51.9977
27.200001	39.929	44.2550
27.600000	40.837	44.8305
28.000000	43.010	51.9546
28.500000	45.403	55.8157
29.000000	46.309	54.6673
29.500000	45.607	53.3855
30.000000	43.984	55.9375
30.400000	43.410	60.0058
30.700001	44.093	60.9380
31.100000	45.936	58.7169
31.500000	47.905	56.4310
32.000000	50.011	57.2182
32.500000	51.731	60.4302
33.000000	53.021	61.4262
33.500000	53.697	56.8090
34.000000	53.697	45.4768
34.500000	53.202	28.8467
35.000000	52.567	13.2563
35.500000	52.163	6.1827
36.000000	52.219	8.3470
36.500000	52.573	14.3109
37.000000	52.795	19.0885
37.500000	52.674	21.4210
38.200001	52.337	20.9916
38.700001	52.487	18.2625
39.500000	53.465	12.4916
40.000000	54.205	10.0573
40.599998	55.112	8.3580
41.200001	56.068	6.0693
41.799999	56.969	1.9669
42.500000	57.775	-3.6651
43.099998	58.249	-7.2051
43.700001	58.610	-9.1580
44.400002	58.941	-11.0373
45.000000	59.126	-13.7005
45.500000	59.225	-16.7440
46.200001	59.390	-21.0712
46.799999	59.660	-23.4762
47.500000	60.150	-24.0302
48.200001	60.711	-23.1559
48.700001	61.062	-22.7134
49.400002	61.409	-23.5887
50.000000	61.585	-26.3636
50.799999	61.792	-32.8942
51.500000	62.093	-39.8242
52.200001	62.539	-45.9440
53.000000	63.075	-50.7429
53.799999	63.486	-53.2568
54.500000	63.763	-54.1710
55.200001	64.035	-54.8636
56.000000	64.314	-56.3523
57.000000	64.558	-59.2139
58.000000	64.827	-62.5613
59.000000	65.226	-66.3295
60.000000	65.663	-70.1750
60.799999	65.983	-73.1328
61.500000	66.235	-75.6717
62.200001	66.477	-78.2074
63.000000	66.745	-81.1289
64.000000	67.041	-84.8418
65.000000	67.273	-88.6725
66.000000	67.467	-92.6283
67.000000	67.658	-96.4810
68.000000	67.861	-99.9511
69.000000	68.082	-103.0964
70.000000	68.318	-106.2177
71.000000	68.564	-109.4856
72.000000	68.814	-112.8851
73.000000	69.055	-116.3160
74.000000	69.273	-119.6989
75.000000	69.474	-123.0980
76.199997	69.704	-127.2975
77.500000	69.958	-131.7733
78.800003	70.209	-135.9020
80.000000	70.418	-139.4733
81.199997	70.597	-142.9698
82.500000	70.785	-146.7817
83.800003	70.991	-150.6978
85.000000	71.170	-154.3927
86.199997	71.304	-158.0541
87.500000	71.432	-161.8642
88.500000	71.555	-164.7291
90.000000	71.769	-169.0768
91.199997	71.941	-172.6747
92.500000	72.122	-176.6426
93.800003	72.290	179.4917
95.000000	72.421	176.1204
96.199997	72.525	172.9021
97.500000	72.622	169.3663
98.800003	72.710	165.6042
100.000000	72.789	162.0300
101.500000	72.878	157.6875
103.000000	72.926	153.6863
104.400002	72.927	150.2841
106.000000	72.894	146.6437
107.500000	72.842	143.3455
109.000000	72.818	140.0336
110.599998	72.871	136.4449
112.000000	72.939	133.3180
113.800003	73.001	129.4208
115.000000	73.034	126.8958
117.199997	73.107	122.4366
118.000000	73.143	120.8283
120.599998	73.273	115.5217
122.000000	73.328	112.6687
124.099998	73.385	108.4503
125.000000	73.407	106.6659
126.500000	73.447	103.6903
128.000000	73.484	100.6658
131.500000	73.531	93.3730
132.000000	73.530	92.3218
134.000000	73.507	88.1757
136.000000	73.459	84.1217
138.000000	73.410	80.1361
140.000000	73.384	76.3294
143.000000	73.395	70.9733
145.000000	73.421	67.4595
147.500000	73.445	63.0024
150.000000	73.423	58.4004
152.500000	73.361	53.8422
155.000000	73.287	49.5012
157.500000	73.191	45.2849
160.000000	73.080	40.9686
162.500000	72.991	36.5907
165.000000	72.911	32.4628
167.500000	72.837	28.7935
170.000000	72.771	25.3854
172.500000	72.701	21.9959
175.000000	72.633	18.5021
177.500000	72.578	14.9492
180.000000	72.541	11.4607
182.500000	72.495	8.0706
185.000000	72.415	4.7409
187.500000	72.318	1.4683
190.000000	72.235	-1.7300
192.500000	72.171	-4.9072
195.000000	72.109	-8.0959
197.500000	72.044	-11.3023
200.000000	71.981	-14.4442
203.000000	71.909	-17.9777
206.000000	71.829	-21.2432
209.000000	71.751	-24.4081
212.000000	71.711	-27.5244
214.000000	71.706	-29.5948
218.000000	71.695	-34.0080
220.000000	71.673	-36.3527
224.000000	71.625	-40.7845
227.000000	71.607	-43.7933
230.000000	71.602	-46.5049
233.000000	71.610	-49.0609
236.000000	71.619	-51.6955
240.000000	71.613	-55.3314
243.000000	71.598	-57.9348
247.000000	71.569	-61.0665
250.000000	71.518	-63.2764
254.000000	71.422	-66.1272
258.000000	71.402	-69.1878
262.000000	71.474	-72.6497
265.000000	71.526	-75.0703
269.000000	71.565	-78.0486
272.000000	71.588	-80.3475
276.000000	71.643	-83.3019
280.000000	71.727	-85.9808
285.000000	71.833	-89.2766
290.000000	71.913	-92.6113
295.000000	71.991	-95.9085
300.000000	72.074	-99.1729
304.000000	72.141	-101.6667
307.000000	72.192	-103.4614
311.000000	72.273	-105.7769
315.000000	72.361	-108.0524
320.000000	72.462	-110.9568
325.000000	72.541	-113.8564
330.000000	72.613	-116.6865
335.000000	72.690	-119.4827
340.000000	72.768	-122.1914
345.000000	72.840	-124.7946
350.000000	72.916	-127.2284
355.000000	72.997	-129.5730
360.000000	73.079	-131.9720
365.000000	73.156	-134.3779
370.000000	73.222	-136.7035
375.000000	73.280	-138.9917
382.000000	73.362	-142.1445
387.000000	73.432	-144.2771
395.000000	73.554	-147.6665
400.000000	73.624	-149.8821
406.000000	73.711	-152.5745
412.000000	73.801	-155.2592
418.000000	73.889	-157.7227
425.000000	74.003	-160.1692
431.000000	74.103	-162.1362
437.000000	74.182	-164.1570
444.000000	74.227	-166.3884
450.000000	74.243	-168.0709
455.000000	74.259	-169.4080
462.000000	74.310	-171.3734
468.000000	74.385	-173.2107
475.000000	74.480	-175.4303
482.000000	74.553	-177.4512
487.000000	74.589	-178.7749
494.000000	74.634	179.4396
500.000000	74.678	177.9575
508.000000	74.744	176.0425
515.000000	74.800	174.3740
522.000000	74.849	172.6986
530.000000	74.901	170.8502
538.000000	74.956	169.2100
545.000000	75.006	167.8953
552.000000	75.060	166.5854
560.000000	75.124	165.1406
570.000000	75.198	163.5334
580.000000	75.248	161.9949
590.000000	75.294	160.4871
600.000000	75.350	159.1211
608.000000	75.393	158.1176
615.000000	75.427	157.3027
622.000000	75.464	156.5333
630.000000	75.517	155.6547
640.000000	75.591	154.5085
650.000000	75.652	153.3557
660.000000	75.692	152.2985
670.000000	75.731	151.2803
680.000000	75.781	150.3047
690.000000	75.835	149.4143
700.000000	75.885	148.6060
710.000000	75.930	147.9438
720.000000	75.963	147.4341
730.000000	75.996	147.0046
740.000000	76.039	146.5951
750.000000	76.094	146.1753
762.000000	76.160	145.6586
775.000000	76.221	145.1400
788.000000	76.308	144.7761
800.000000	76.391	144.6216
812.000000	76.441	144.4963
825.000000	76.473	144.2527
838.000000	76.526	144.0422
850.000000	76.593	143.9092
862.000000	76.662	143.7610
875.000000	76.721	143.7075
885.000000	76.749	143.8218
900.000000	76.778	144.1643
912.000000	76.804	144.4618
925.000000	76.845	144.8774
938.000000	76.889	145.4194
950.000000	76.928	145.9795
962.000000	76.970	146.6228
975.000000	77.022	147.3752
988.000000	77.075	148.0875
1000.000000	77.109	148.7585
1015.000000	77.142	149.6473
1030.000000	77.185	150.5243
1044.000000	77.223	151.3809
1060.000000	77.259	152.5022
1075.000000	77.306	153.7405
1090.000000	77.369	155.1647
1106.000000	77.443	156.8130
1120.000000	77.514	158.2266
1138.000000	77.615	159.9731
1150.000000	77.683	161.1768
1172.000000	77.792	163.5261
1180.000000	77.828	164.4268
1206.000000	77.955	167.4968
1220.000000	78.042	169.1913
1241.000000	78.206	171.7571
1250.000000	78.287	172.8722
1265.000000	78.427	174.7731
1280.000000	78.565	176.7522
1315.000000	78.883	-178.4230
1320.000000	78.924	-177.7167
1340.000000	79.060	-174.8176
1360.000000	79.149	-171.8062
1380.000000	79.213	-168.7061
1400.000000	79.274	-165.5570
1430.000000	79.380	-160.8751
1450.000000	79.481	-157.7332
1475.000000	79.656	-153.7358
1500.000000	79.870	-149.6522
1525.000000	80.105	-145.4895
1550.000000	80.350	-141.2834
1575.000000	80.597	-137.0259
1600.000000	80.851	-132.5979
1625.000000	81.111	-128.1207
1650.000000	81.367	-123.7272
1675.000000	81.621	-119.3428
1700.000000	81.882	-114.9714
1725.000000	82.154	-110.7067
1750.000000	82.436	-106.6638
1775.000000	82.721	-103.2115
1800.000000	82.989	-100.8680
1825.000000	83.242	-99.7968
1850.000000	83.507	-99.7222
1875.000000	83.793	-100.2211
1900.000000	84.083	-101.0012
1925.000000	84.367	-101.9253
1950.000000	84.653	-102.9615
1975.000000	84.942	-104.1272
2000.000000	85.232	-105.4159
2030.000000	85.583	-107.0724
2060.000000	85.940	-108.8511
2090.000000	86.288	-110.8026
2120.000000	86.613	-113.0146
2140.000000	86.815	-114.6284
2180.000000	87.185	-118.0117
2200.000000	87.349	-119.7391
2240.000000	87.634	-123.2870
2270.000000	87.821	-126.0300
2300.000000	87.982	-128.8191
2330.000000	88.115	-131.6042
2360.000000	88.222	-134.3518
2400.000000	88.323	-137.9391
2430.000000	88.371	-140.5803
2470.000000	88.407	-144.0171
2500.000000	88.414	-146.5120
2540.000000	88.395	-149.7358
2580.000000	88.350	-152.8286
2620.000000	88.278	-155.7661
2650.000000	88.203	-157.8582
2690.000000	88.070	-160.4917
2720.000000	87.945	-162.3365
2760.000000	87.752	-164.5852
2800.000000	87.540	-166.5256
2850.000000	87.269	-168.4249
2900.000000	86.995	-169.7095
2950.000000	86.742	-170.2957
3000.000000	86.556	-170.4026
3040.000000	86.448	-170.4800
3070.000000	86.372	-170.5200
3110.000000	86.272	-170.3416
3150.000000	86.195	-169.7507
3200.000000	86.187	-168.5425
3250.000000	86.303	-167.3044
3300.000000	86.498	-166.4761
3350.000000	86.715	-165.9707
3400.000000	86.943	-165.5977
3450.000000	87.190	-165.3511
3500.000000	87.453	-165.2844
3550.000000	87.733	-165.4270
3600.000000	88.034	-165.8134
3650.000000	88.360	-166.4541
3700.000000	88.714	-167.3635
3750.000000	89.088	-168.6096
3820.000000	89.603	-170.9945
3870.000000	89.929	-173.0692
3950.000000	90.350	-176.7795
4000.000000	90.551	-179.2617
4060.000000	90.724	177.7137
4120.000000	90.829	174.9048
4180.000000	90.912	172.4463
4250.000000	91.041	169.6533
4310.000000	91.151	166.9158
4370.000000	91.198	163.8538
4440.000000	91.150	160.3604
4500.000000	91.054	157.7893
4550.000000	90.971	156.0109
4620.000000	90.883	153.8843
4680.000000	90.829	152.1912
4750.000000	90.772	150.3665
4820.000000	90.734	148.7513
4870.000000	90.722	147.5938
4940.000000	90.697	145.8367
5000.000000	90.648	144.3501
5080.000000	90.571	142.5916
5150.000000	90.511	141.0978
5220.000000	90.430	139.5039
5300.000000	90.274	137.7958
5380.000000	90.077	136.4464
5450.000000	89.898	135.3596
5520.000000	89.688	134.2681
5600.000000	89.396	133.3197
5700.000000	89.013	132.8503
5800.000000	88.652	132.9862
5900.000000	88.341	133.7314
6000.000000	88.138	134.9680
6080.000000	88.069	136.0526
6150.000000	88.073	136.8820
6220.000000	88.134	137.4263
6300.000000	88.259	137.4847
6400.000000	88.452	136.4951
6500.000000	88.612	134.2975
6600.000000	88.677	131.0728
6700.000000	88.620	127.0911
6800.000000	88.426	122.5282
6900.000000	88.054	117.6038
7000.000000	87.465	112.7332
7100.000000	86.659	108.4309
7200.000000	85.668	105.1694
7300.000000	84.551	103.3220
7400.000000	83.396	103.0571
7500.000000	82.307	104.1383
7620.000000	81.159	106.4431
7750.000000	80.045	109.6560
7880.000000	78.962	113.8054
8000.000000	77.974	118.6389
8120.000000	77.022	124.3331
8250.000000	76.082	131.2783
8380.000000	75.328	138.9082
8500.000000	74.904	145.8906
8620.000000	74.739	151.7008
8750.000000	74.702	156.0612
8850.000000	74.665	158.2390
9000.000000	74.472	160.2874
9120.000000	74.157	161.4834
9250.000000	73.648	162.9863
9380.000000	72.995	165.1362
9500.000000	72.308	167.8820
9620.000000	71.584	171.4891
9750.000000	70.802	176.4812
9880.000000	70.068	-177.4246
10000.000000	69.467	-170.9700
10150.000000	68.844	-161.9600
10300.000000	68.388	-151.9110
10440.000000	68.162	-141.3944
10600.000000	68.280	-127.7924
10750.000000	68.939	-114.2073
10900.000000	70.166	-102.3860
11060.000000	71.800	-94.8224
11200.000000	73.134	-92.8895
11380.000000	74.373	-94.4591
11500.000000	74.883	-96.3034
11720.000000	75.420	-98.9172
11800.000000	75.568	-99.5013
12060.000000	76.053	-100.9351
12200.000000	76.298	-102.0255
12410.000000	76.530	-104.6558
12500.000000	76.542	-106.0828
12650.000000	76.402	-108.5280
12800.000000	76.051	-110.5865
13150.000000	74.567	-111.0339
13200.000000	74.317	-110.3942
13400.000000	73.404	-106.1683
13600.000000	72.878	-100.7979
13800.000000	72.834	-96.9276
14000.000000	73.019	-95.9000
14300.000000	73.145	-98.0621
14500.000000	73.038	-100.2100
14750.000000	72.793	-102.9100
15000.000000	72.491	-106.4681
15250.000000	71.976	-111.8965
15500.000000	70.964	-118.3047
15750.000000	69.352	-120.8411
16000.000000	67.916	-106.9089
16250.000000	68.332	-87.7269
16500.000000	69.832	-88.9932
16750.000000	70.922	-100.8727
17000.000000	71.343	-115.3702
17250.000000	71.570	-129.1860
17500.000000	72.155	-142.9897
17750.000000	72.835	-159.0876
18000.000000	72.933	-177.1061
18250.000000	72.185	166.1984
18500.000000	70.795	154.0278
18750.000000	69.162	148.4976
19000.000000	67.874	152.0365
19250.000000	67.729	165.7007
19500.000000	68.828	-178.6934
19750.000000	70.221	-170.7704
20000.000000	71.037	-168.8807
