* Measurement data measured by REW V5.31.3
* Source: Microphone (6- USB Sound Device        ), MICROPHONE (Master Volume), L, volume: 0.900
* Format: 256k Log Swept Sine, 1 sweep at -12.0 dBFS with no timing reference
* Dated: 24-Jul-2025 14:07:23
* REW Settings:
*  C-weighting compensation: Off
*  Target level: 75.0 dB
* Note: 
* Measurement: Acefast Acefit Air R
* Smoothing: 1/12 octave
* Frequency Step: 1/48 octave
* Start Frequency: 20.300 Hz
*
* Freq(Hz)	SPL(dB)	Phase(degrees)
20.299999	32.451	100.4602
20.600000	31.308	96.3196
20.900000	30.598	92.9101
21.200001	31.415	92.5368
21.400000	32.702	93.4046
21.799999	35.669	94.6502
22.000000	36.987	94.6085
22.400000	39.013	93.7039
22.700001	39.974	92.8514
23.000000	40.482	92.2559
23.299999	40.587	92.2171
23.600000	40.365	92.9683
24.000000	39.774	95.2339
24.299999	39.321	97.3356
24.700001	39.023	98.9589
25.000000	39.129	98.3214
25.400000	39.658	95.1956
25.799999	40.480	91.3000
26.200001	41.482	88.4167
26.500000	42.302	87.1180
26.900000	43.400	85.8124
27.200001	44.157	84.5418
27.600000	44.990	81.9637
28.000000	45.595	78.4200
28.500000	46.112	73.3596
29.000000	46.532	68.6915
29.500000	46.949	65.3238
30.000000	47.307	63.7494
30.400000	47.511	63.8487
30.700001	47.634	64.5245
31.100000	47.812	65.5767
31.500000	48.051	65.8169
32.000000	48.435	63.9508
32.500000	48.920	60.3518
33.000000	49.622	57.1900
33.500000	50.646	55.8884
34.000000	51.841	55.7409
34.500000	52.874	55.3719
35.000000	53.494	54.3985
35.500000	53.650	53.2639
36.000000	53.474	52.4089
36.500000	53.209	51.7473
37.000000	53.075	50.7656
37.500000	53.150	49.1610
38.200001	53.499	46.4339
38.700001	53.832	44.7196
39.500000	54.473	42.4794
40.000000	54.962	40.9689
40.599998	55.609	38.6424
41.200001	56.209	35.8552
41.799999	56.654	33.1148
42.500000	56.985	30.4910
43.099998	57.237	28.5361
43.700001	57.585	26.3375
44.400002	58.138	23.3113
45.000000	58.653	20.8125
45.500000	59.034	19.1556
46.200001	59.435	17.4836
46.799999	59.668	15.9958
47.500000	59.843	13.0675
48.200001	59.942	8.7910
48.700001	60.025	5.7977
49.400002	60.313	3.0318
50.000000	60.777	2.0004
50.799999	61.506	0.9552
51.500000	62.021	-0.4928
52.200001	62.394	-2.3633
53.000000	62.751	-4.7899
53.799999	63.098	-7.3318
54.500000	63.401	-9.4867
55.200001	63.711	-11.6111
56.000000	64.067	-14.1508
57.000000	64.493	-17.4152
58.000000	64.896	-20.5192
59.000000	65.294	-23.5746
60.000000	65.683	-26.8326
60.799999	65.976	-29.5210
61.500000	66.218	-31.8303
62.200001	66.454	-34.1068
63.000000	66.719	-36.7515
64.000000	67.034	-40.2047
65.000000	67.315	-43.7673
66.000000	67.549	-47.3007
67.000000	67.746	-50.6409
68.000000	67.936	-53.6891
69.000000	68.141	-56.5020
70.000000	68.362	-59.2184
71.000000	68.588	-61.9407
72.000000	68.815	-64.7137
73.000000	69.041	-67.5530
74.000000	69.264	-70.4446
75.000000	69.480	-73.3504
76.199997	69.722	-76.8268
77.500000	69.965	-80.5462
78.800003	70.187	-84.1510
80.000000	70.375	-87.3541
81.199997	70.553	-90.4803
82.500000	70.742	-93.8230
83.800003	70.943	-97.1475
85.000000	71.143	-100.2232
86.199997	71.333	-103.3296
87.500000	71.501	-106.7130
88.500000	71.613	-109.2776
90.000000	71.779	-113.0168
91.199997	71.917	-115.9540
92.500000	72.068	-119.1245
93.800003	72.219	-122.2228
95.000000	72.354	-124.9944
96.199997	72.478	-127.7618
97.500000	72.600	-130.8094
98.800003	72.711	-133.8958
100.000000	72.799	-136.7950
101.500000	72.879	-140.4810
103.000000	72.932	-144.1035
104.400002	72.958	-147.3569
106.000000	72.959	-150.8674
107.500000	72.943	-153.9021
109.000000	72.933	-156.7065
110.599998	72.943	-159.4896
112.000000	72.967	-161.8049
113.800003	73.020	-164.7757
115.000000	73.065	-166.8380
117.199997	73.150	-170.6362
118.000000	73.180	-171.9463
120.599998	73.257	-176.0102
122.000000	73.286	-178.2691
124.099998	73.328	178.0915
125.000000	73.351	176.4865
126.500000	73.396	173.8430
128.000000	73.441	171.2641
131.500000	73.509	165.2661
132.000000	73.512	164.4015
134.000000	73.504	160.9506
136.000000	73.465	157.5716
138.000000	73.417	154.3515
140.000000	73.391	151.3375
143.000000	73.393	147.0142
145.000000	73.411	144.0986
147.500000	73.435	140.3752
150.000000	73.446	136.5315
152.500000	73.426	132.6847
155.000000	73.370	128.9805
157.500000	73.287	125.3619
160.000000	73.192	121.8077
162.500000	73.097	118.4294
165.000000	73.003	115.2772
167.500000	72.909	112.3080
170.000000	72.828	109.4461
172.500000	72.763	106.6578
175.000000	72.706	103.9026
177.500000	72.654	101.1456
180.000000	72.597	98.3766
182.500000	72.528	95.6009
185.000000	72.447	92.8606
187.500000	72.357	90.1561
190.000000	72.268	87.4621
192.500000	72.182	84.7975
195.000000	72.102	82.2236
197.500000	72.035	79.8101
200.000000	71.974	77.5377
203.000000	71.913	74.8539
206.000000	71.868	72.1714
209.000000	71.833	69.4892
212.000000	71.800	66.8058
214.000000	71.780	65.0718
218.000000	71.741	61.8309
220.000000	71.715	60.3026
224.000000	71.656	57.3369
227.000000	71.614	55.1673
230.000000	71.579	53.0135
233.000000	71.557	50.8608
236.000000	71.547	48.7500
240.000000	71.544	46.0346
243.000000	71.546	44.0855
247.000000	71.544	41.5737
250.000000	71.537	39.7081
254.000000	71.532	37.2671
258.000000	71.543	34.9579
262.000000	71.565	32.8079
265.000000	71.583	31.2468
269.000000	71.612	29.1414
272.000000	71.642	27.5371
276.000000	71.691	25.3916
280.000000	71.746	23.2839
285.000000	71.817	20.7643
290.000000	71.888	18.3488
295.000000	71.956	15.9826
300.000000	72.030	13.6628
304.000000	72.100	11.8405
307.000000	72.155	10.4746
311.000000	72.223	8.6505
315.000000	72.287	6.8459
320.000000	72.368	4.6411
325.000000	72.456	2.5040
330.000000	72.547	0.4614
335.000000	72.638	-1.4688
340.000000	72.734	-3.3484
345.000000	72.836	-5.2692
350.000000	72.936	-7.1678
355.000000	73.025	-8.9372
360.000000	73.104	-10.6124
365.000000	73.176	-12.3369
370.000000	73.240	-14.1580
375.000000	73.298	-15.9746
382.000000	73.385	-18.3646
387.000000	73.461	-19.9968
395.000000	73.594	-22.5703
400.000000	73.670	-24.1958
406.000000	73.745	-26.1362
412.000000	73.809	-27.9419
418.000000	73.876	-29.5809
425.000000	73.953	-31.3799
431.000000	74.007	-32.8448
437.000000	74.052	-34.2277
444.000000	74.107	-35.8053
450.000000	74.166	-37.1747
455.000000	74.222	-38.3394
462.000000	74.305	-40.0312
468.000000	74.380	-41.4752
475.000000	74.464	-43.0055
482.000000	74.538	-44.3537
487.000000	74.581	-45.2800
494.000000	74.633	-46.6182
500.000000	74.684	-47.8125
508.000000	74.762	-49.3788
515.000000	74.829	-50.6912
522.000000	74.888	-51.9503
530.000000	74.941	-53.2921
538.000000	74.981	-54.5652
545.000000	75.012	-55.6545
552.000000	75.048	-56.7410
560.000000	75.095	-57.9677
570.000000	75.156	-59.4022
580.000000	75.211	-60.7177
590.000000	75.267	-61.9295
600.000000	75.333	-63.0865
608.000000	75.387	-64.0441
615.000000	75.434	-64.8983
622.000000	75.482	-65.7369
630.000000	75.536	-66.6562
640.000000	75.600	-67.7441
650.000000	75.655	-68.7808
660.000000	75.703	-69.7194
670.000000	75.754	-70.5432
680.000000	75.809	-71.3752
690.000000	75.863	-72.2560
700.000000	75.907	-73.1572
710.000000	75.943	-74.0146
720.000000	75.979	-74.7632
730.000000	76.024	-75.4423
740.000000	76.077	-76.1577
750.000000	76.131	-76.8811
762.000000	76.194	-77.6802
775.000000	76.261	-78.5115
788.000000	76.329	-79.3810
800.000000	76.397	-80.1799
812.000000	76.470	-80.9453
825.000000	76.542	-81.7543
838.000000	76.594	-82.5114
850.000000	76.630	-83.1755
862.000000	76.667	-83.8345
875.000000	76.705	-84.5586
885.000000	76.733	-85.1054
900.000000	76.776	-85.8407
912.000000	76.818	-86.3425
925.000000	76.868	-86.8482
938.000000	76.915	-87.3330
950.000000	76.950	-87.7557
962.000000	76.977	-88.1500
975.000000	77.002	-88.5494
988.000000	77.034	-88.9357
1000.000000	77.075	-89.2846
1015.000000	77.135	-89.6766
1030.000000	77.199	-90.0157
1044.000000	77.259	-90.3246
1060.000000	77.318	-90.6787
1075.000000	77.364	-90.9930
1090.000000	77.407	-91.2853
1106.000000	77.459	-91.6104
1120.000000	77.512	-91.8632
1138.000000	77.590	-92.0664
1150.000000	77.645	-92.1334
1172.000000	77.754	-92.2378
1180.000000	77.799	-92.3038
1206.000000	77.969	-92.6034
1220.000000	78.069	-92.7835
1241.000000	78.234	-92.9990
1250.000000	78.310	-93.0590
1265.000000	78.444	-93.1296
1280.000000	78.584	-93.1848
1315.000000	78.912	-93.3322
1320.000000	78.952	-93.3527
1340.000000	79.086	-93.4280
1360.000000	79.178	-93.5130
1380.000000	79.246	-93.6113
1400.000000	79.301	-93.7258
1430.000000	79.393	-93.9282
1450.000000	79.492	-94.0601
1475.000000	79.672	-94.2087
1500.000000	79.900	-94.3787
1525.000000	80.150	-94.5817
1550.000000	80.395	-94.7780
1575.000000	80.629	-94.9938
1600.000000	80.873	-95.2869
1625.000000	81.136	-95.7263
1650.000000	81.408	-96.2679
1675.000000	81.674	-96.7945
1700.000000	81.931	-97.3096
1725.000000	82.182	-97.8397
1750.000000	82.429	-98.3835
1775.000000	82.683	-98.9117
1800.000000	82.954	-99.4368
1825.000000	83.244	-100.0297
1850.000000	83.544	-100.7394
1875.000000	83.842	-101.5669
1900.000000	84.129	-102.4819
1925.000000	84.408	-103.4321
1950.000000	84.688	-104.4119
1975.000000	84.973	-105.5002
2000.000000	85.259	-106.7524
2030.000000	85.605	-108.4543
2060.000000	85.948	-110.3329
2090.000000	86.279	-112.3546
2120.000000	86.598	-114.5002
2140.000000	86.804	-115.9906
2180.000000	87.196	-119.1989
2200.000000	87.377	-120.9417
2240.000000	87.699	-124.6194
2270.000000	87.900	-127.4568
2300.000000	88.057	-130.2883
2330.000000	88.173	-133.0807
2360.000000	88.261	-135.8280
2400.000000	88.349	-139.4213
2430.000000	88.396	-142.0644
2470.000000	88.435	-145.4936
2500.000000	88.446	-147.9916
2540.000000	88.431	-151.2360
2580.000000	88.378	-154.3671
2620.000000	88.289	-157.3638
2650.000000	88.201	-159.4999
2690.000000	88.062	-162.1423
2720.000000	87.944	-163.9446
2760.000000	87.771	-166.0914
2800.000000	87.579	-167.9283
2850.000000	87.315	-169.7794
2900.000000	87.036	-171.1028
2950.000000	86.775	-171.8296
3000.000000	86.583	-172.0908
3040.000000	86.481	-172.1914
3070.000000	86.415	-172.2216
3110.000000	86.328	-172.0443
3150.000000	86.256	-171.4698
3200.000000	86.239	-170.2646
3250.000000	86.344	-168.9739
3300.000000	86.532	-168.1002
3350.000000	86.747	-167.5854
3400.000000	86.978	-167.2252
3450.000000	87.229	-167.0192
3500.000000	87.497	-166.9996
3550.000000	87.782	-167.1649
3600.000000	88.085	-167.5432
3650.000000	88.411	-168.1687
3700.000000	88.761	-169.0878
3750.000000	89.127	-170.3659
3820.000000	89.629	-172.7648
3870.000000	89.958	-174.8420
3950.000000	90.400	-178.6168
4000.000000	90.607	178.8729
4060.000000	90.773	175.9343
4120.000000	90.874	173.2736
4180.000000	90.967	170.8271
4250.000000	91.093	167.8646
4310.000000	91.181	165.0729
4370.000000	91.215	162.1292
4440.000000	91.173	158.7406
4500.000000	91.084	156.1299
4550.000000	91.000	154.2823
4620.000000	90.904	152.1286
4680.000000	90.848	150.5144
4750.000000	90.802	148.7761
4820.000000	90.773	147.1115
4870.000000	90.756	145.9024
4940.000000	90.721	144.1936
5000.000000	90.682	142.7787
5080.000000	90.620	140.9553
5150.000000	90.547	139.3697
5220.000000	90.445	137.8274
5300.000000	90.285	136.1638
5380.000000	90.092	134.6891
5450.000000	89.909	133.5304
5520.000000	89.699	132.4644
5600.000000	89.416	131.5256
5700.000000	89.037	130.9791
5800.000000	88.674	131.1459
5900.000000	88.364	131.9550
6000.000000	88.159	133.2102
6080.000000	88.089	134.3030
6150.000000	88.093	135.1323
6220.000000	88.152	135.6921
6300.000000	88.278	135.7883
6400.000000	88.471	134.8118
6500.000000	88.630	132.6031
6600.000000	88.696	129.4208
6700.000000	88.645	125.5060
6800.000000	88.455	120.9537
6900.000000	88.082	116.0005
7000.000000	87.495	111.1086
7100.000000	86.690	106.8129
7200.000000	85.701	103.5845
7300.000000	84.589	101.7776
7400.000000	83.442	101.5376
7500.000000	82.358	102.6685
7620.000000	81.212	105.0464
7750.000000	80.093	108.2590
7880.000000	79.006	112.4108
8000.000000	78.015	117.2338
8120.000000	77.062	122.9274
8250.000000	76.125	129.8701
8380.000000	75.379	137.4858
8500.000000	74.958	144.4738
8620.000000	74.792	150.3160
8750.000000	74.748	154.7037
8850.000000	74.706	156.8983
9000.000000	74.509	158.9803
9120.000000	74.187	160.2323
9250.000000	73.670	161.7625
9380.000000	73.015	163.8839
9500.000000	72.330	166.6165
9620.000000	71.608	170.2475
9750.000000	70.828	175.2789
9880.000000	70.097	-178.6082
10000.000000	69.497	-172.1285
10150.000000	68.876	-163.0644
10300.000000	68.420	-152.9581
10440.000000	68.191	-142.3901
10600.000000	68.305	-128.7326
10750.000000	68.964	-115.0986
10900.000000	70.200	-103.2119
11060.000000	71.847	-95.5955
11200.000000	73.187	-93.6626
11380.000000	74.424	-95.2992
11500.000000	74.930	-97.1960
11720.000000	75.466	-99.7555
11800.000000	75.615	-100.2769
12060.000000	76.094	-101.5736
12200.000000	76.333	-102.6393
12410.000000	76.558	-105.2244
12500.000000	76.568	-106.6287
12650.000000	76.425	-109.0403
12800.000000	76.074	-111.0685
13150.000000	74.588	-111.4474
13200.000000	74.338	-110.7918
13400.000000	73.428	-106.4861
13600.000000	72.911	-101.0685
13800.000000	72.874	-97.1764
14000.000000	73.063	-96.1024
14300.000000	73.188	-98.1490
14500.000000	73.073	-100.2260
14750.000000	72.824	-102.8332
15000.000000	72.528	-106.3011
15250.000000	72.015	-111.6489
15500.000000	70.998	-118.0365
15750.000000	69.381	-120.5792
16000.000000	67.946	-106.5334
16250.000000	68.371	-87.1632
16500.000000	69.874	-88.2977
16750.000000	70.964	-100.1129
17000.000000	71.382	-114.5329
17250.000000	71.603	-128.2328
17500.000000	72.179	-141.9238
17750.000000	72.852	-157.9625
18000.000000	72.943	-175.9959
18250.000000	72.192	167.2770
18500.000000	70.803	155.0984
18750.000000	69.174	149.6202
19000.000000	67.893	153.3208
19250.000000	67.757	167.2474
19500.000000	68.864	-176.9683
19750.000000	70.260	-169.0234
20000.000000	71.076	-167.1432
