* Measurement data measured by REW V5.31.3
* Source: Microphone (6- USB Sound Device        ), MICROPHONE (Master Volume), L, volume: 0.900
* Format: 256k Log Swept Sine, 1 sweep at -12.0 dBFS with no timing reference
* Dated: 24-Jul-2025 13:24:12
* REW Settings:
*  C-weighting compensation: Off
*  Target level: 75.0 dB
* Note: 
* Measurement: Acefast Acefit Pro L
* Smoothing: 1/12 octave
* Frequency Step: 1/48 octave
* Start Frequency: 20.300 Hz
*
* Freq(Hz)	SPL(dB)	Phase(degrees)
20.299999	37.980	34.9468
20.600000	39.128	30.6577
20.900000	39.866	26.6258
21.200001	39.991	23.9565
21.400000	39.774	23.3366
21.799999	38.945	25.4249
22.000000	38.555	27.6534
22.400000	38.319	30.4555
22.700001	38.646	27.6386
23.000000	39.167	19.7691
23.299999	39.684	8.3734
23.600000	40.076	-3.9763
24.000000	40.282	-17.7257
24.299999	40.169	-24.0599
24.700001	39.812	-25.7418
25.000000	39.654	-21.9906
25.400000	39.949	-13.5386
25.799999	40.700	-6.8383
26.200001	41.457	-4.5836
26.500000	41.876	-5.3715
26.900000	42.257	-8.7420
27.200001	42.495	-12.6077
27.600000	42.860	-19.2100
28.000000	43.316	-27.0181
28.500000	43.914	-37.2800
29.000000	44.404	-46.5032
29.500000	44.767	-53.5394
30.000000	45.089	-58.3128
30.400000	45.352	-61.0340
30.700001	45.538	-62.7370
31.100000	45.741	-64.6794
31.500000	45.913	-66.1516
32.000000	46.235	-67.3219
32.500000	46.860	-68.6287
33.000000	47.723	-71.3007
33.500000	48.555	-75.1988
34.000000	49.199	-78.7877
34.500000	49.732	-80.6543
35.000000	50.334	-80.9708
35.500000	51.028	-81.5270
36.000000	51.627	-83.9077
36.500000	51.951	-88.2266
37.000000	51.997	-93.5843
37.500000	51.943	-98.9178
38.200001	52.158	-105.2763
38.700001	52.621	-109.1765
39.500000	53.559	-115.1912
40.000000	54.078	-119.1275
40.599998	54.554	-124.2558
41.200001	54.861	-129.6918
41.799999	55.036	-134.6985
42.500000	55.234	-138.8751
43.099998	55.547	-141.1200
43.700001	55.988	-143.2509
44.400002	56.504	-146.7262
45.000000	56.852	-150.5159
45.500000	57.083	-153.8779
46.200001	57.382	-158.4372
46.799999	57.672	-162.1791
47.500000	58.096	-166.8085
48.200001	58.589	-172.2369
48.700001	58.936	-176.5144
49.400002	59.360	177.6430
50.000000	59.667	173.3827
50.799999	60.041	168.9112
51.500000	60.362	165.4983
52.200001	60.679	161.8606
53.000000	61.020	157.0330
53.799999	61.315	151.6254
54.500000	61.551	146.7927
55.200001	61.813	142.1280
56.000000	62.170	137.0742
57.000000	62.649	131.0802
58.000000	63.083	125.1537
59.000000	63.461	119.0416
60.000000	63.826	112.8475
60.799999	64.111	107.9897
61.500000	64.349	103.8369
62.200001	64.581	99.6835
63.000000	64.841	94.8146
64.000000	65.148	88.5838
65.000000	65.439	82.3966
66.000000	65.724	76.2967
67.000000	66.001	70.2662
68.000000	66.268	64.3315
69.000000	66.529	58.4244
70.000000	66.786	52.4504
71.000000	67.031	46.4534
72.000000	67.253	40.5209
73.000000	67.457	34.6783
74.000000	67.656	28.9265
75.000000	67.854	23.2388
76.199997	68.078	16.3972
77.500000	68.315	8.9165
78.800003	68.549	1.5138
80.000000	68.757	-5.3724
81.199997	68.967	-12.5648
82.500000	69.207	-20.3640
83.800003	69.449	-27.7318
85.000000	69.655	-34.2101
86.199997	69.820	-40.5593
87.500000	69.937	-47.4612
88.500000	70.006	-52.8839
90.000000	70.126	-61.1318
91.199997	70.235	-67.6600
92.500000	70.338	-74.6069
93.800003	70.416	-81.4178
95.000000	70.471	-87.5460
96.199997	70.512	-93.4718
97.500000	70.541	-99.7169
98.800003	70.563	-105.9645
100.000000	70.600	-111.7816
101.500000	70.686	-118.9617
103.000000	70.784	-126.0221
104.400002	70.858	-132.5001
106.000000	70.942	-139.7204
107.500000	71.030	-146.3481
109.000000	71.124	-152.8874
110.599998	71.217	-159.8458
112.000000	71.285	-166.0269
113.800003	71.364	-174.1212
115.000000	71.411	-179.5129
117.199997	71.486	170.7474
118.000000	71.507	167.2505
120.599998	71.548	155.9802
122.000000	71.561	149.9186
124.099998	71.574	140.9112
125.000000	71.579	137.0848
126.500000	71.589	130.7450
128.000000	71.596	124.4821
131.500000	71.577	110.1267
132.000000	71.571	108.0811
134.000000	71.542	99.8633
136.000000	71.512	91.6398
138.000000	71.485	83.4906
140.000000	71.461	75.4163
143.000000	71.441	63.3491
145.000000	71.427	55.4378
147.500000	71.400	45.8268
150.000000	71.372	36.3504
152.500000	71.342	26.8828
155.000000	71.299	17.4839
157.500000	71.243	8.1685
160.000000	71.195	-1.0085
162.500000	71.148	-10.0533
165.000000	71.093	-19.0765
167.500000	71.028	-28.1031
170.000000	70.962	-37.1010
172.500000	70.901	-45.9769
175.000000	70.839	-54.6993
177.500000	70.770	-63.2683
180.000000	70.688	-71.6847
182.500000	70.587	-80.0660
185.000000	70.476	-88.5234
187.500000	70.364	-97.0031
190.000000	70.257	-105.3651
192.500000	70.160	-113.5731
195.000000	70.074	-121.6689
197.500000	70.001	-129.7499
200.000000	69.945	-137.8164
203.000000	69.889	-147.2634
206.000000	69.826	-156.4626
209.000000	69.760	-165.6099
212.000000	69.711	-174.7292
214.000000	69.685	179.2736
218.000000	69.614	167.5354
220.000000	69.566	161.7327
224.000000	69.468	150.1576
227.000000	69.407	141.4792
230.000000	69.352	132.8472
233.000000	69.306	124.2888
236.000000	69.273	115.8281
240.000000	69.236	104.8611
243.000000	69.205	96.9487
247.000000	69.164	86.5759
250.000000	69.145	78.7761
254.000000	69.149	68.2667
258.000000	69.162	57.7047
262.000000	69.164	47.2823
265.000000	69.166	39.5951
269.000000	69.173	29.4801
272.000000	69.184	21.9882
276.000000	69.209	12.0698
280.000000	69.241	2.1925
285.000000	69.284	-10.0844
290.000000	69.334	-22.2681
295.000000	69.396	-34.2937
300.000000	69.467	-46.1110
304.000000	69.528	-55.5234
307.000000	69.574	-62.6140
311.000000	69.637	-72.0762
315.000000	69.700	-81.4486
320.000000	69.769	-93.0027
325.000000	69.820	-104.3694
330.000000	69.872	-115.5604
335.000000	69.934	-126.6542
340.000000	70.011	-137.7443
345.000000	70.095	-148.7988
350.000000	70.173	-159.7281
355.000000	70.242	-170.5490
360.000000	70.304	178.7605
365.000000	70.359	168.2291
370.000000	70.411	157.7504
375.000000	70.468	147.2684
382.000000	70.558	132.6917
387.000000	70.627	122.3423
395.000000	70.738	105.8906
400.000000	70.812	95.7733
406.000000	70.902	83.8408
412.000000	70.975	72.0149
418.000000	71.032	60.1667
425.000000	71.097	46.3790
431.000000	71.156	34.7278
437.000000	71.211	23.2720
444.000000	71.265	10.0828
450.000000	71.308	-1.1200
455.000000	71.347	-10.3997
462.000000	71.418	-23.3302
468.000000	71.490	-34.3452
475.000000	71.576	-47.1204
482.000000	71.656	-59.7461
487.000000	71.708	-68.6787
494.000000	71.777	-81.1013
500.000000	71.837	-91.6555
508.000000	71.913	-105.6018
515.000000	71.969	-117.7415
522.000000	72.016	-129.8306
530.000000	72.064	-143.5682
538.000000	72.116	-157.2074
545.000000	72.166	-169.0217
552.000000	72.217	179.3406
560.000000	72.272	166.1985
570.000000	72.339	149.8927
580.000000	72.405	133.7847
590.000000	72.462	117.8715
600.000000	72.518	102.0934
608.000000	72.568	89.5587
615.000000	72.613	78.6987
622.000000	72.656	67.9497
630.000000	72.702	55.7482
640.000000	72.755	40.5624
650.000000	72.808	25.4159
660.000000	72.857	10.3586
670.000000	72.901	-4.5588
680.000000	72.945	-19.3341
690.000000	72.994	-33.8723
700.000000	73.049	-48.1637
710.000000	73.107	-62.4076
720.000000	73.173	-76.6846
730.000000	73.244	-90.8457
740.000000	73.312	-104.7361
750.000000	73.370	-118.4053
762.000000	73.430	-134.6782
775.000000	73.501	-152.3232
788.000000	73.586	-169.8582
800.000000	73.654	174.1611
812.000000	73.709	158.3367
825.000000	73.771	141.2830
838.000000	73.830	124.3855
850.000000	73.876	108.9131
862.000000	73.920	93.5381
875.000000	73.971	77.0786
885.000000	74.010	64.5791
900.000000	74.060	45.9924
912.000000	74.096	31.2361
925.000000	74.135	15.4199
938.000000	74.175	-0.2197
950.000000	74.208	-14.5198
962.000000	74.242	-28.7012
975.000000	74.285	-43.9058
988.000000	74.340	-58.9392
1000.000000	74.391	-72.6853
1015.000000	74.446	-89.7026
1030.000000	74.486	-106.5774
1044.000000	74.517	-122.2529
1060.000000	74.561	-140.0620
1075.000000	74.608	-156.5530
1090.000000	74.659	-172.8054
1106.000000	74.717	170.0916
1120.000000	74.772	155.2866
1138.000000	74.852	136.4597
1150.000000	74.909	124.0198
1172.000000	75.033	101.3987
1180.000000	75.086	93.2373
1206.000000	75.284	66.9597
1220.000000	75.398	53.0117
1241.000000	75.575	32.3110
1250.000000	75.655	23.5005
1265.000000	75.798	8.9102
1280.000000	75.948	-5.5513
1315.000000	76.282	-38.8364
1320.000000	76.324	-43.5417
1340.000000	76.467	-62.2383
1360.000000	76.570	-80.7546
1380.000000	76.641	-99.1123
1400.000000	76.709	-117.2739
1430.000000	76.850	-144.1211
1450.000000	76.984	-161.8164
1475.000000	77.188	176.3018
1500.000000	77.416	154.6772
1525.000000	77.653	133.2703
1550.000000	77.899	112.1108
1575.000000	78.147	91.2815
1600.000000	78.383	70.8176
1625.000000	78.611	50.6287
1650.000000	78.862	30.5811
1675.000000	79.153	10.6580
1700.000000	79.462	-9.0901
1725.000000	79.760	-28.6067
1750.000000	80.043	-47.9104
1775.000000	80.322	-67.0906
1800.000000	80.607	-86.0706
1825.000000	80.900	-104.7837
1850.000000	81.210	-123.3152
1875.000000	81.533	-141.7139
1900.000000	81.857	-159.9470
1925.000000	82.179	-178.0103
1950.000000	82.508	164.0435
1975.000000	82.852	146.1729
2000.000000	83.204	128.4229
2030.000000	83.632	107.2961
2060.000000	84.067	86.1794
2090.000000	84.502	65.0476
2120.000000	84.924	44.0117
2140.000000	85.195	30.0464
2180.000000	85.713	2.2732
2200.000000	85.953	-11.5090
2240.000000	86.379	-38.9260
2270.000000	86.658	-59.3823
2300.000000	86.912	-79.6404
2330.000000	87.136	-99.6433
2360.000000	87.314	-119.4062
2400.000000	87.475	-145.4326
2430.000000	87.550	-164.6736
2470.000000	87.606	170.2170
2500.000000	87.622	151.8047
2540.000000	87.610	127.7651
2580.000000	87.566	104.2974
2620.000000	87.489	81.3784
2650.000000	87.414	64.5515
2690.000000	87.294	42.6294
2720.000000	87.188	26.5830
2760.000000	87.019	5.7002
2800.000000	86.815	-14.5762
2850.000000	86.514	-38.9866
2900.000000	86.177	-62.2561
2950.000000	85.827	-84.3354
3000.000000	85.497	-105.1953
3040.000000	85.298	-121.0767
3070.000000	85.208	-132.6567
3110.000000	85.149	-147.8445
3150.000000	85.104	-162.7463
3200.000000	85.040	179.2063
3250.000000	84.997	161.8967
3300.000000	84.999	145.2881
3350.000000	85.041	129.2520
3400.000000	85.111	113.6865
3450.000000	85.208	98.5735
3500.000000	85.345	83.8770
3550.000000	85.535	69.4863
3600.000000	85.772	55.2659
3650.000000	86.026	41.1343
3700.000000	86.266	27.1221
3750.000000	86.472	13.3418
3820.000000	86.717	-5.3203
3870.000000	86.886	-18.1436
3950.000000	87.175	-37.9658
4000.000000	87.339	-50.0391
4060.000000	87.473	-64.1094
4120.000000	87.542	-77.5127
4180.000000	87.586	-90.2627
4250.000000	87.618	-104.5439
4310.000000	87.591	-116.3125
4370.000000	87.484	-127.4531
4440.000000	87.292	-139.3027
4500.000000	87.130	-148.3643
4550.000000	87.031	-155.2007
4620.000000	86.971	-163.9185
4680.000000	86.970	-170.8364
4750.000000	86.984	-178.3218
4820.000000	87.003	174.8960
4870.000000	87.019	170.4434
4940.000000	87.025	164.7188
5000.000000	87.006	160.3784
5080.000000	86.971	155.5420
5150.000000	86.959	152.1553
5220.000000	86.966	149.4434
5300.000000	86.991	147.0786
5380.000000	87.041	145.3276
5450.000000	87.072	144.0488
5520.000000	87.031	143.1621
5600.000000	86.900	143.1914
5700.000000	86.724	144.9785
5800.000000	86.607	148.1191
5900.000000	86.534	152.2632
6000.000000	86.485	157.3149
6080.000000	86.454	161.9624
6150.000000	86.431	166.3906
6220.000000	86.407	171.0273
6300.000000	86.364	176.4102
6400.000000	86.240	-176.8711
6500.000000	85.983	-170.0020
6600.000000	85.559	-162.6196
6700.000000	84.966	-154.4077
6800.000000	84.203	-145.2510
6900.000000	83.253	-134.8823
7000.000000	82.115	-122.7222
7100.000000	80.826	-108.0244
7200.000000	79.465	-90.0889
7300.000000	78.141	-68.7178
7400.000000	76.943	-44.3213
7500.000000	75.928	-17.8887
7620.000000	74.934	14.3193
7750.000000	73.986	49.8901
7880.000000	73.113	89.5925
8000.000000	72.452	130.5488
8120.000000	71.962	171.8357
8250.000000	71.569	-144.1892
8380.000000	71.331	-97.9421
8500.000000	71.278	-55.1943
8620.000000	71.286	-16.2012
8750.000000	71.200	22.9280
8850.000000	71.006	53.0808
9000.000000	70.508	100.7246
9120.000000	69.966	141.4143
9250.000000	69.281	-171.6133
9380.000000	68.540	-121.5339
9500.000000	67.841	-73.1895
9620.000000	67.151	-23.6953
9750.000000	66.438	32.0054
9880.000000	65.804	91.7344
10000.000000	65.347	150.4780
10150.000000	65.052	-133.4180
10300.000000	65.224	-55.5208
10440.000000	65.983	21.6870
10600.000000	67.621	139.7883
10750.000000	69.660	-89.4873
10900.000000	71.776	-20.3962
11060.000000	73.726	33.0347
11200.000000	74.962	72.9883
11380.000000	75.796	122.8259
11500.000000	75.945	160.0139
11720.000000	75.740	-106.4504
11800.000000	75.604	-59.3843
12060.000000	75.119	85.2495
12200.000000	74.829	159.5916
12410.000000	74.289	-92.7747
12500.000000	73.998	-51.6737
12650.000000	73.425	18.5637
12800.000000	72.760	108.4579
13150.000000	71.121	-66.3364
13200.000000	70.918	-35.5909
13400.000000	70.330	167.2284
13600.000000	70.183	-80.2355
13800.000000	70.345	101.0449
14000.000000	70.494	-179.0092
14300.000000	70.186	-59.7000
14500.000000	69.641	66.4324
14750.000000	68.878	-98.8785
15000.000000	68.425	-68.4156
15250.000000	68.617	-54.0717
15500.000000	69.595	32.1684
15750.000000	71.138	68.0270
16000.000000	72.622	123.9727
16250.000000	73.646	-176.0620
16500.000000	74.182	155.4866
16750.000000	74.196	-136.3538
17000.000000	73.571	5.3276
17250.000000	72.263	-126.3860
17500.000000	70.530	-37.7332
17750.000000	69.170	5.1433
18000.000000	68.590	48.4188
18250.000000	68.052	84.0823
18500.000000	67.082	98.0624
18750.000000	65.729	111.6617
19000.000000	64.233	107.2047
19250.000000	63.125	-108.6790
19500.000000	63.100	-62.7854
19750.000000	63.965	-47.5048
20000.000000	64.669	-37.3519
