* Measurement data measured by REW V5.40 beta 104
* Source: Microphone (2- USB Audio Device), MICROPHONE (Master Volume), L, volume: 0.250
* Format: 256k Log Swept Sine, 1 sweep at 0.0 dBFS with no timing reference
* Dated: 09-Nov-2025 11:12:55
* REW Settings:
*  C-weighting compensation: Off
*  Target level: 75.0 dB
* Note: 
* Measurement: Earfun Air Pro 4+ ANC L
* Smoothing: 1/24 octave
* Frequency Step: 1/48 octave
* Start Frequency: 20.000 Hz
*
* Freq(Hz)	SPL(dB)	Phase(degrees)
20.000000	78.800	-88.4034
20.299999	78.898	-90.5663
20.600000	78.985	-92.7983
20.900000	79.054	-95.0687
21.200001	79.104	-97.3258
21.400000	79.125	-98.7935
21.799999	79.143	-101.5706
22.000000	79.145	-102.8569
22.400000	79.152	-105.2049
22.700001	79.166	-106.7857
23.000000	79.192	-108.2495
23.299999	79.233	-109.6392
23.600000	79.285	-110.9938
24.000000	79.358	-112.7842
24.299999	79.408	-114.1216
24.700001	79.462	-115.8816
25.000000	79.492	-117.1677
25.400000	79.516	-118.8169
25.799999	79.520	-120.3764
26.200001	79.507	-121.8345
26.500000	79.487	-122.8558
26.900000	79.450	-124.1165
27.200001	79.418	-124.9880
27.600000	79.373	-126.0625
28.000000	79.332	-127.0585
28.500000	79.291	-128.2323
29.000000	79.257	-129.3631
29.500000	79.234	-130.4633
30.000000	79.225	-131.5208
30.400000	79.227	-132.3279
30.700001	79.235	-132.9145
31.100000	79.257	-133.6861
31.500000	79.289	-134.4648
32.000000	79.336	-135.4576
32.500000	79.384	-136.4440
33.000000	79.427	-137.3757
33.500000	79.468	-138.2312
34.000000	79.510	-139.0318
34.500000	79.552	-139.8165
35.000000	79.587	-140.6059
35.500000	79.610	-141.3927
36.000000	79.624	-142.1587
36.500000	79.632	-142.8964
37.000000	79.640	-143.6176
37.500000	79.645	-144.3445
38.200001	79.646	-145.4012
38.700001	79.641	-146.1891
39.500000	79.627	-147.4897
40.000000	79.613	-148.3000
40.599998	79.597	-149.2385
41.200001	79.590	-150.1496
41.799999	79.595	-151.0759
42.500000	79.601	-152.1862
43.099998	79.598	-153.1129
43.700001	79.596	-153.9865
44.400002	79.599	-154.9736
45.000000	79.603	-155.8177
45.500000	79.602	-156.5081
46.200001	79.594	-157.4285
46.799999	79.587	-158.1781
47.500000	79.581	-159.0331
48.200001	79.577	-159.8862
48.700001	79.575	-160.4945
49.400002	79.574	-161.3342
50.000000	79.564	-162.0334
50.799999	79.530	-162.9488
51.500000	79.493	-163.7633
52.200001	79.458	-164.5908
53.000000	79.420	-165.5108
53.799999	79.386	-166.3824
54.500000	79.362	-167.1168
55.200001	79.338	-167.8309
56.000000	79.307	-168.6168
57.000000	79.265	-169.5315
58.000000	79.222	-170.3871
59.000000	79.179	-171.2598
60.000000	79.129	-172.1413
60.799999	79.087	-172.8226
61.500000	79.050	-173.4066
62.200001	79.013	-173.9758
63.000000	78.970	-174.5849
64.000000	78.920	-175.2904
65.000000	78.872	-175.9947
66.000000	78.817	-176.6880
67.000000	78.759	-177.3364
68.000000	78.697	-177.9628
69.000000	78.629	-178.5656
70.000000	78.560	-179.1380
71.000000	78.495	-179.6987
72.000000	78.432	179.7731
73.000000	78.370	179.2902
74.000000	78.307	178.8401
75.000000	78.243	178.4141
76.199997	78.158	177.8951
77.500000	78.058	177.3738
78.800003	77.964	176.9115
80.000000	77.883	176.4811
81.199997	77.799	176.0456
82.500000	77.701	175.6282
83.800003	77.610	175.2762
85.000000	77.532	174.9423
86.199997	77.450	174.6072
87.500000	77.357	174.3050
88.500000	77.288	174.1325
90.000000	77.189	173.9339
91.199997	77.111	173.8018
92.500000	77.022	173.6680
93.800003	76.928	173.5600
95.000000	76.839	173.4540
96.199997	76.748	173.3360
97.500000	76.648	173.2355
98.800003	76.551	173.1599
100.000000	76.464	173.1419
101.500000	76.370	173.2232
103.000000	76.288	173.3213
104.400002	76.208	173.3988
106.000000	76.107	173.4688
107.500000	76.005	173.5708
109.000000	75.907	173.7482
110.599998	75.807	174.0045
112.000000	75.724	174.2756
113.800003	75.614	174.5922
115.000000	75.535	174.7968
117.199997	75.394	175.1724
118.000000	75.347	175.3147
120.599998	75.205	175.8172
122.000000	75.126	176.1543
124.099998	75.010	176.7965
125.000000	74.963	177.0844
126.500000	74.888	177.5524
128.000000	74.819	178.0074
131.500000	74.688	178.9174
132.000000	74.669	179.0296
134.000000	74.592	179.4916
136.000000	74.516	179.9666
138.000000	74.438	-179.5250
140.000000	74.358	-178.9821
143.000000	74.236	-178.2617
145.000000	74.150	-177.8546
147.500000	74.043	-177.3828
150.000000	73.941	-176.8969
152.500000	73.853	-176.4004
155.000000	73.769	-175.9614
157.500000	73.693	-175.5307
160.000000	73.627	-175.0924
162.500000	73.565	-174.5879
165.000000	73.510	-174.0915
167.500000	73.456	-173.6487
170.000000	73.403	-173.1919
172.500000	73.356	-172.6638
175.000000	73.316	-172.1166
177.500000	73.269	-171.6143
180.000000	73.212	-171.1613
182.500000	73.152	-170.7396
185.000000	73.086	-170.3493
187.500000	73.004	-169.9647
190.000000	72.916	-169.5409
192.500000	72.848	-169.0529
195.000000	72.804	-168.5375
197.500000	72.776	-168.0398
200.000000	72.758	-167.6058
203.000000	72.751	-167.0964
206.000000	72.760	-166.5501
209.000000	72.767	-166.0651
212.000000	72.766	-165.6002
214.000000	72.767	-165.2555
218.000000	72.762	-164.5503
220.000000	72.751	-164.2257
224.000000	72.729	-163.6364
227.000000	72.714	-163.1491
230.000000	72.696	-162.5984
233.000000	72.681	-162.0393
236.000000	72.675	-161.4951
240.000000	72.672	-160.7729
243.000000	72.669	-160.2278
247.000000	72.662	-159.4853
250.000000	72.655	-158.9388
254.000000	72.648	-158.2252
258.000000	72.644	-157.5587
262.000000	72.638	-156.9221
265.000000	72.638	-156.4588
269.000000	72.639	-155.8405
272.000000	72.634	-155.3626
276.000000	72.621	-154.7290
280.000000	72.610	-154.1316
285.000000	72.595	-153.3759
290.000000	72.574	-152.5693
295.000000	72.563	-151.6620
300.000000	72.577	-150.7000
304.000000	72.591	-149.9648
307.000000	72.600	-149.4423
311.000000	72.609	-148.7822
315.000000	72.612	-148.1259
320.000000	72.612	-147.3426
325.000000	72.609	-146.5815
330.000000	72.607	-145.9049
335.000000	72.611	-145.3352
340.000000	72.621	-144.8289
345.000000	72.623	-144.3643
350.000000	72.608	-143.9182
355.000000	72.576	-143.5587
360.000000	72.546	-143.1862
365.000000	72.523	-142.8307
370.000000	72.492	-142.4838
375.000000	72.456	-142.0794
382.000000	72.416	-141.4379
387.000000	72.398	-141.0266
395.000000	72.352	-140.3571
400.000000	72.319	-139.9394
406.000000	72.280	-139.4226
412.000000	72.233	-138.8617
418.000000	72.178	-138.2878
425.000000	72.114	-137.5012
431.000000	72.057	-136.8536
437.000000	71.995	-136.2915
444.000000	71.907	-135.6501
450.000000	71.830	-134.9807
455.000000	71.778	-134.3159
462.000000	71.723	-133.3644
468.000000	71.687	-132.5958
475.000000	71.637	-131.6571
482.000000	71.580	-130.6653
487.000000	71.537	-129.9457
494.000000	71.471	-129.0036
500.000000	71.412	-128.2500
508.000000	71.336	-127.2894
515.000000	71.270	-126.4607
522.000000	71.200	-125.5944
530.000000	71.115	-124.6407
538.000000	71.024	-123.7106
545.000000	70.935	-122.8677
552.000000	70.848	-122.0141
560.000000	70.749	-121.0299
570.000000	70.611	-119.8290
580.000000	70.459	-118.5401
590.000000	70.309	-117.1138
600.000000	70.163	-115.4982
608.000000	70.045	-114.1442
615.000000	69.935	-112.9535
622.000000	69.801	-111.7239
630.000000	69.598	-110.1597
640.000000	69.277	-107.4590
650.000000	69.065	-103.4225
660.000000	69.129	-99.8284
670.000000	69.224	-97.9118
680.000000	69.183	-96.4052
690.000000	69.069	-94.5071
700.000000	68.942	-92.3256
710.000000	68.824	-90.0402
720.000000	68.717	-87.6632
730.000000	68.622	-85.1994
740.000000	68.532	-82.7951
750.000000	68.452	-80.3904
762.000000	68.367	-77.3587
775.000000	68.285	-73.9977
788.000000	68.209	-70.6843
800.000000	68.154	-67.8218
812.000000	68.120	-65.1077
825.000000	68.109	-62.1567
838.000000	68.101	-59.1343
850.000000	68.099	-56.3818
862.000000	68.106	-53.6602
875.000000	68.125	-50.6873
885.000000	68.153	-48.4295
900.000000	68.207	-45.0071
912.000000	68.259	-42.2191
925.000000	68.319	-39.3263
938.000000	68.389	-36.5402
950.000000	68.457	-34.1278
962.000000	68.522	-31.8739
975.000000	68.591	-29.5113
988.000000	68.670	-27.2169
1000.000000	68.756	-25.1775
1015.000000	68.857	-22.7508
1030.000000	68.944	-20.3828
1044.000000	69.029	-18.1051
1060.000000	69.135	-15.4821
1075.000000	69.227	-12.9448
1090.000000	69.302	-10.3021
1106.000000	69.381	-7.3478
1120.000000	69.464	-4.7622
1138.000000	69.575	-1.4849
1150.000000	69.642	0.6334
1172.000000	69.756	4.3118
1180.000000	69.799	5.6047
1206.000000	69.943	9.6506
1220.000000	70.031	11.8037
1241.000000	70.172	14.9554
1250.000000	70.233	16.2324
1265.000000	70.336	18.2799
1280.000000	70.439	20.2380
1315.000000	70.682	24.8439
1320.000000	70.713	25.5434
1340.000000	70.808	28.4050
1360.000000	70.838	31.3330
1380.000000	70.818	34.2670
1400.000000	70.785	37.1810
1430.000000	70.808	41.5341
1450.000000	70.895	44.4836
1475.000000	71.051	48.1249
1500.000000	71.207	51.7244
1525.000000	71.366	55.2036
1550.000000	71.513	58.5481
1575.000000	71.644	61.9847
1600.000000	71.781	65.5698
1625.000000	71.932	69.2104
1650.000000	72.083	72.8545
1675.000000	72.250	76.5078
1700.000000	72.447	80.1187
1725.000000	72.733	83.7741
1750.000000	73.155	85.5113
1775.000000	73.531	85.3957
1800.000000	73.923	85.7830
1825.000000	74.249	87.8800
1850.000000	74.437	90.2883
1875.000000	74.612	92.5029
1900.000000	74.782	94.6289
1925.000000	74.945	96.6691
1950.000000	75.107	98.6267
1975.000000	75.270	100.4856
2000.000000	75.416	102.2775
2030.000000	75.596	104.6320
2060.000000	75.804	107.1719
2090.000000	76.014	109.7654
2120.000000	76.218	112.1416
2140.000000	76.352	113.6736
2180.000000	76.641	116.5103
2200.000000	76.798	117.7242
2240.000000	77.101	119.6251
2270.000000	77.308	120.5827
2300.000000	77.509	121.1943
2330.000000	77.697	121.5196
2360.000000	77.865	121.7029
2400.000000	78.077	122.0473
2430.000000	78.219	122.5516
2470.000000	78.416	123.5323
2500.000000	78.560	124.3624
2540.000000	78.724	125.2858
2580.000000	78.885	125.9568
2620.000000	79.031	126.2734
2650.000000	79.123	126.2903
2690.000000	79.246	126.3695
2720.000000	79.337	126.6389
2760.000000	79.440	127.1942
2800.000000	79.531	127.5598
2850.000000	79.601	127.4489
2900.000000	79.637	127.4224
2950.000000	79.645	127.7435
3000.000000	79.595	128.2178
3040.000000	79.541	128.7691
3070.000000	79.489	129.2722
3110.000000	79.390	129.9808
3150.000000	79.275	130.7148
3200.000000	79.146	132.0612
3250.000000	79.041	133.7302
3300.000000	78.953	135.2513
3350.000000	78.865	136.3194
3400.000000	78.765	137.1347
3450.000000	78.671	138.1517
3500.000000	78.565	139.5116
3550.000000	78.437	141.3226
3600.000000	78.319	143.8033
3650.000000	78.212	146.6387
3700.000000	78.099	149.4151
3750.000000	78.006	152.1161
3820.000000	77.887	155.7516
3870.000000	77.800	158.5198
3950.000000	77.664	163.5326
4000.000000	77.540	166.7426
4060.000000	77.440	170.8018
4120.000000	77.409	174.5707
4180.000000	77.362	177.7113
4250.000000	77.255	-179.1584
4310.000000	77.144	-176.8134
4370.000000	77.031	-174.8290
4440.000000	76.882	-173.1422
4500.000000	76.760	-171.8468
4550.000000	76.673	-170.4984
4620.000000	76.543	-168.0656
4680.000000	76.424	-165.4891
4750.000000	76.276	-162.3517
4820.000000	76.076	-159.7075
4870.000000	75.920	-157.9009
4940.000000	75.713	-155.0082
5000.000000	75.552	-152.1647
5080.000000	75.393	-147.7505
5150.000000	75.360	-143.1470
5220.000000	75.496	-137.8629
5300.000000	75.927	-131.9133
5380.000000	76.608	-127.5649
5450.000000	77.248	-125.6954
5520.000000	77.780	-125.3066
5600.000000	78.177	-125.4298
5700.000000	78.485	-124.6106
5800.000000	78.642	-124.0294
5900.000000	78.803	-123.1433
6000.000000	79.067	-120.4181
6080.000000	79.311	-117.8145
6150.000000	79.543	-115.7327
6220.000000	79.799	-113.9282
6300.000000	80.118	-112.1526
6400.000000	80.580	-110.1800
6500.000000	81.120	-108.6266
6600.000000	81.725	-108.1061
6700.000000	82.405	-108.9967
6800.000000	83.136	-111.5670
6900.000000	83.861	-115.8131
7000.000000	84.510	-121.3224
7100.000000	84.988	-127.7983
7200.000000	85.217	-135.4468
7300.000000	85.040	-145.0040
7400.000000	84.498	-154.6176
7500.000000	83.694	-162.5085
7620.000000	82.538	-168.9330
7750.000000	81.237	-171.6650
7880.000000	79.923	-171.3890
8000.000000	78.713	-169.7133
8120.000000	77.551	-166.9675
8250.000000	76.386	-163.2045
8380.000000	75.361	-159.2268
8500.000000	74.588	-155.3012
8620.000000	73.952	-151.9879
8750.000000	73.416	-149.3120
8850.000000	73.089	-147.3891
9000.000000	72.679	-143.6895
9120.000000	72.423	-139.7765
9250.000000	72.197	-135.8889
9380.000000	72.001	-133.8127
9500.000000	71.849	-133.1383
9620.000000	71.779	-131.9380
9750.000000	71.800	-129.2417
9880.000000	71.895	-125.3822
10000.000000	72.073	-121.3469
10150.000000	72.517	-116.3412
10300.000000	73.163	-113.3553
10440.000000	73.852	-112.6795
10600.000000	74.811	-113.0142
10750.000000	75.965	-114.8766
10900.000000	77.385	-119.4748
11060.000000	79.123	-128.2728
11200.000000	80.593	-139.9703
11380.000000	81.862	-160.0561
11500.000000	82.007	-175.2434
11720.000000	80.733	159.4756
11800.000000	79.943	152.6486
12060.000000	77.110	140.5079
12200.000000	75.755	139.3857
12410.000000	74.115	141.4138
12500.000000	73.539	143.0455
12650.000000	72.746	146.9230
12800.000000	72.117	151.7402
13150.000000	70.956	162.6373
13200.000000	70.809	164.2232
13400.000000	70.286	170.7935
13600.000000	69.948	176.1407
13800.000000	69.914	179.3262
14000.000000	70.179	-179.1093
14300.000000	71.072	-178.4263
14500.000000	72.005	-179.4312
14750.000000	73.522	177.1573
15000.000000	75.337	171.3346
15250.000000	77.239	163.1681
15500.000000	78.768	151.2672
15750.000000	79.433	134.3245
16000.000000	78.979	113.7609
16250.000000	77.584	93.4588
16500.000000	75.707	74.9349
16750.000000	73.863	57.0803
17000.000000	72.410	41.7489
17250.000000	71.218	29.3668
17500.000000	70.041	19.2291
17750.000000	68.809	11.2342
18000.000000	67.635	6.4015
18250.000000	66.586	3.0547
18500.000000	65.676	-0.2696
18750.000000	64.948	-2.8871
19000.000000	64.448	-5.2178
19250.000000	64.126	-7.1621
19500.000000	63.821	-8.1464
19750.000000	63.421	-9.3405
