* Measurement data measured by REW V5.31.3
* Source: Microphone (6- USB Sound Device        ), MICROPHONE (Master Volume), L, volume: 0.900
* Format: 256k Log Swept Sine, 1 sweep at -12.0 dBFS with no timing reference
* Dated: 21-Jul-2025 13:00:18
* REW Settings:
*  C-weighting compensation: Off
*  Target level: 75.0 dB
* Note: 
* Measurement: Earfun Air Pro 4i R
* Smoothing: 1/12 octave
* Frequency Step: 1/48 octave
* Start Frequency: 20.300 Hz
*
* Freq(Hz)	SPL(dB)	Phase(degrees)
20.299999	89.891	-171.5183
20.600000	89.835	-172.5186
20.900000	89.758	-173.7115
21.200001	89.670	-174.8934
21.400000	89.608	-175.6345
21.799999	89.480	-176.9796
22.000000	89.417	-177.5878
22.400000	89.294	-178.6999
22.700001	89.204	-179.4616
23.000000	89.116	179.8279
23.299999	89.030	179.1664
23.600000	88.947	178.5547
24.000000	88.841	177.8156
24.299999	88.770	177.3110
24.700001	88.687	176.6846
25.000000	88.634	176.2355
25.400000	88.574	175.6518
25.799999	88.521	175.0852
26.200001	88.472	174.5436
26.500000	88.437	174.1565
26.900000	88.393	173.6609
27.200001	88.362	173.2964
27.600000	88.324	172.8054
28.000000	88.290	172.2964
28.500000	88.252	171.6293
29.000000	88.218	170.9366
29.500000	88.187	170.2349
30.000000	88.158	169.5373
30.400000	88.135	168.9852
30.700001	88.116	168.5739
31.100000	88.090	168.0266
31.500000	88.062	167.4782
32.000000	88.026	166.7890
32.500000	87.990	166.0966
33.000000	87.954	165.4044
33.500000	87.918	164.7183
34.000000	87.880	164.0451
34.500000	87.841	163.3892
35.000000	87.800	162.7493
35.500000	87.756	162.1211
36.000000	87.710	161.5042
36.500000	87.661	160.9045
37.000000	87.610	160.3271
37.500000	87.557	159.7675
38.200001	87.477	158.9926
38.700001	87.417	158.4409
39.500000	87.319	157.5911
40.000000	87.261	157.0941
40.599998	87.196	156.5259
41.200001	87.131	155.9801
41.799999	87.064	155.4598
42.500000	86.984	154.8784
43.099998	86.918	154.3754
43.700001	86.853	153.8587
44.400002	86.776	153.2773
45.000000	86.708	152.8344
45.500000	86.651	152.5055
46.200001	86.571	152.0797
46.799999	86.500	151.7278
47.500000	86.420	151.3240
48.200001	86.346	150.9303
48.700001	86.297	150.6622
49.400002	86.233	150.3136
50.000000	86.176	150.0357
50.799999	86.092	149.6775
51.500000	86.013	149.3695
52.200001	85.935	149.0670
53.000000	85.846	148.7299
53.799999	85.758	148.4188
54.500000	85.681	148.1792
55.200001	85.610	147.9556
56.000000	85.534	147.6954
57.000000	85.446	147.3683
58.000000	85.360	147.0692
59.000000	85.269	146.8087
60.000000	85.178	146.5833
60.799999	85.108	146.4133
61.500000	85.050	146.2641
62.200001	84.992	146.1180
63.000000	84.926	145.9632
64.000000	84.846	145.7998
65.000000	84.771	145.6625
66.000000	84.702	145.5085
67.000000	84.638	145.3098
68.000000	84.578	145.0741
69.000000	84.518	144.8288
70.000000	84.454	144.6084
71.000000	84.387	144.4210
72.000000	84.317	144.2470
73.000000	84.247	144.0629
74.000000	84.181	143.8600
75.000000	84.120	143.6479
76.199997	84.048	143.3915
77.500000	83.963	143.0934
78.800003	83.871	142.7690
80.000000	83.790	142.4806
81.199997	83.717	142.2197
82.500000	83.644	141.9514
83.800003	83.575	141.6942
85.000000	83.514	141.4888
86.199997	83.452	141.3031
87.500000	83.383	141.0825
88.500000	83.328	140.8871
90.000000	83.247	140.5582
91.199997	83.185	140.2775
92.500000	83.122	139.9888
93.800003	83.058	139.7397
95.000000	82.997	139.5415
96.199997	82.936	139.3799
97.500000	82.869	139.2546
98.800003	82.804	139.1549
100.000000	82.744	139.0472
101.500000	82.670	138.8556
103.000000	82.599	138.6103
104.400002	82.534	138.3761
106.000000	82.466	138.1131
107.500000	82.408	137.8513
109.000000	82.351	137.5928
110.599998	82.285	137.3605
112.000000	82.222	137.1953
113.800003	82.141	137.0054
115.000000	82.090	136.8906
117.199997	82.000	136.7309
118.000000	81.969	136.6826
120.599998	81.875	136.5100
122.000000	81.826	136.4183
124.099998	81.753	136.2774
125.000000	81.721	136.2006
126.500000	81.667	136.0432
128.000000	81.611	135.8595
131.500000	81.481	135.4208
132.000000	81.463	135.3680
134.000000	81.391	135.1995
136.000000	81.322	135.0888
138.000000	81.256	135.0102
140.000000	81.193	134.9452
143.000000	81.101	134.8005
145.000000	81.043	134.6440
147.500000	80.970	134.4258
150.000000	80.901	134.2395
152.500000	80.839	134.1209
155.000000	80.780	134.0560
157.500000	80.720	133.9853
160.000000	80.665	133.8900
162.500000	80.614	133.7892
165.000000	80.566	133.6874
167.500000	80.517	133.5708
170.000000	80.469	133.4386
172.500000	80.428	133.3167
175.000000	80.391	133.2180
177.500000	80.353	133.1376
180.000000	80.306	133.0566
182.500000	80.249	132.9597
185.000000	80.184	132.8672
187.500000	80.114	132.7822
190.000000	80.049	132.6890
192.500000	79.997	132.5793
195.000000	79.959	132.4665
197.500000	79.932	132.3707
200.000000	79.911	132.2899
203.000000	79.895	132.1801
206.000000	79.895	132.0364
209.000000	79.908	131.8632
212.000000	79.924	131.6647
214.000000	79.932	131.5344
218.000000	79.939	131.2961
220.000000	79.937	131.1762
224.000000	79.922	130.9135
227.000000	79.907	130.7039
230.000000	79.892	130.4923
233.000000	79.881	130.2756
236.000000	79.875	130.0553
240.000000	79.871	129.7609
243.000000	79.866	129.5191
247.000000	79.855	129.1506
250.000000	79.847	128.8550
254.000000	79.846	128.4547
258.000000	79.852	128.0450
262.000000	79.859	127.6231
265.000000	79.861	127.2946
269.000000	79.860	126.8571
272.000000	79.855	126.5551
276.000000	79.845	126.1978
280.000000	79.838	125.8659
285.000000	79.840	125.4922
290.000000	79.852	125.2158
295.000000	79.866	125.0711
300.000000	79.876	125.0657
304.000000	79.881	125.1196
307.000000	79.883	125.1576
311.000000	79.884	125.1842
315.000000	79.883	125.1850
320.000000	79.881	125.1597
325.000000	79.881	125.1163
330.000000	79.880	125.0696
335.000000	79.879	125.0226
340.000000	79.878	124.9611
345.000000	79.876	124.8934
350.000000	79.868	124.8540
355.000000	79.851	124.8510
360.000000	79.832	124.8674
365.000000	79.821	124.8808
370.000000	79.815	124.8827
375.000000	79.809	124.8974
382.000000	79.802	124.9646
387.000000	79.796	125.0191
395.000000	79.775	125.1286
400.000000	79.757	125.2070
406.000000	79.739	125.2662
412.000000	79.720	125.3136
418.000000	79.698	125.3954
425.000000	79.668	125.5515
431.000000	79.641	125.6986
437.000000	79.613	125.8408
444.000000	79.579	126.0438
450.000000	79.553	126.2537
455.000000	79.533	126.4388
462.000000	79.508	126.7029
468.000000	79.486	126.9503
475.000000	79.462	127.2866
482.000000	79.435	127.6465
487.000000	79.415	127.9044
494.000000	79.387	128.2862
500.000000	79.363	128.6522
508.000000	79.333	129.1847
515.000000	79.308	129.6743
522.000000	79.284	130.1779
530.000000	79.257	130.7744
538.000000	79.233	131.3881
545.000000	79.216	131.9441
552.000000	79.201	132.5216
560.000000	79.185	133.2178
570.000000	79.164	134.1198
580.000000	79.145	135.0393
590.000000	79.132	136.0256
600.000000	79.123	137.0623
608.000000	79.120	137.9188
615.000000	79.119	138.6961
622.000000	79.122	139.4858
630.000000	79.130	140.3766
640.000000	79.147	141.4550
650.000000	79.176	142.5295
660.000000	79.215	143.6416
670.000000	79.269	144.7937
680.000000	79.338	145.8751
690.000000	79.407	146.7176
700.000000	79.463	147.2595
710.000000	79.506	147.5343
720.000000	79.548	147.5955
730.000000	79.601	147.4923
740.000000	79.671	147.2671
750.000000	79.750	146.9708
762.000000	79.840	146.5810
775.000000	79.926	146.1326
788.000000	80.009	145.6535
800.000000	80.087	145.1522
812.000000	80.166	144.6047
825.000000	80.247	144.0186
838.000000	80.320	143.4597
850.000000	80.387	142.9459
862.000000	80.462	142.4041
875.000000	80.551	141.7516
885.000000	80.620	141.2083
900.000000	80.717	140.3785
912.000000	80.790	139.7217
925.000000	80.867	138.9920
938.000000	80.944	138.2408
950.000000	81.017	137.5403
962.000000	81.093	136.8274
975.000000	81.178	136.0475
988.000000	81.266	135.2612
1000.000000	81.349	134.5027
1015.000000	81.455	133.4847
1030.000000	81.561	132.3935
1044.000000	81.661	131.2855
1060.000000	81.773	129.9094
1075.000000	81.866	128.5383
1090.000000	81.941	127.1181
1106.000000	82.003	125.5869
1120.000000	82.051	124.2426
1138.000000	82.107	122.4936
1150.000000	82.140	121.3246
1172.000000	82.182	119.2429
1180.000000	82.192	118.5273
1206.000000	82.216	116.3964
1220.000000	82.231	115.3620
1241.000000	82.276	113.9457
1250.000000	82.307	113.3748
1265.000000	82.374	112.4417
1280.000000	82.458	111.4977
1315.000000	82.672	109.0864
1320.000000	82.698	108.7158
1340.000000	82.774	107.1805
1360.000000	82.794	105.5885
1380.000000	82.767	103.9621
1400.000000	82.717	102.3000
1430.000000	82.637	99.8160
1450.000000	82.598	98.2237
1475.000000	82.570	96.3465
1500.000000	82.564	94.6223
1525.000000	82.582	93.0348
1550.000000	82.621	91.5408
1575.000000	82.673	90.0947
1600.000000	82.726	88.6752
1625.000000	82.781	87.3262
1650.000000	82.844	86.0723
1675.000000	82.921	84.9136
1700.000000	83.019	83.7887
1725.000000	83.145	82.6293
1750.000000	83.299	81.4077
1775.000000	83.473	80.0737
1800.000000	83.659	78.5968
1825.000000	83.848	76.9972
1850.000000	84.035	75.3092
1875.000000	84.218	73.5556
1900.000000	84.395	71.7496
1925.000000	84.566	69.9010
1950.000000	84.735	68.0080
1975.000000	84.905	66.0706
2000.000000	85.079	64.1090
2030.000000	85.296	61.7317
2060.000000	85.521	59.3194
2090.000000	85.757	56.8610
2120.000000	86.006	54.3053
2140.000000	86.175	52.5225
2180.000000	86.507	48.7552
2200.000000	86.666	46.7875
2240.000000	86.974	42.7236
2270.000000	87.203	39.5712
2300.000000	87.430	36.3405
2330.000000	87.651	33.0542
2360.000000	87.865	29.7244
2400.000000	88.137	25.2063
2430.000000	88.335	21.7525
2470.000000	88.595	17.0320
2500.000000	88.788	13.3879
2540.000000	89.032	8.3972
2580.000000	89.256	3.2686
2620.000000	89.453	-1.9775
2650.000000	89.583	-5.9335
2690.000000	89.727	-11.0563
2720.000000	89.814	-14.5652
2760.000000	89.919	-18.3820
2800.000000	90.019	-20.9601
2850.000000	90.106	-22.8085
2900.000000	90.116	-23.9668
2950.000000	90.037	-24.8124
3000.000000	89.865	-25.2520
3040.000000	89.670	-25.0865
3070.000000	89.516	-24.5502
3110.000000	89.340	-23.4215
3150.000000	89.206	-22.1640
3200.000000	89.055	-20.5566
3250.000000	88.899	-18.7544
3300.000000	88.744	-16.6687
3350.000000	88.593	-14.3029
3400.000000	88.449	-11.6914
3450.000000	88.315	-8.8862
3500.000000	88.191	-5.9276
3550.000000	88.075	-2.8291
3600.000000	87.973	0.4038
3650.000000	87.886	3.7657
3700.000000	87.819	7.2620
3750.000000	87.777	10.8875
3820.000000	87.757	16.1489
3870.000000	87.762	20.0134
3950.000000	87.794	26.3141
4000.000000	87.828	30.3376
4060.000000	87.873	35.2733
4120.000000	87.916	40.3189
4180.000000	87.959	45.4548
4250.000000	88.018	51.5313
4310.000000	88.087	56.7733
4370.000000	88.179	61.9865
4440.000000	88.321	67.9305
4500.000000	88.468	72.8242
4550.000000	88.597	76.7216
4620.000000	88.766	81.9387
4680.000000	88.893	86.3399
4750.000000	89.046	91.5412
4820.000000	89.227	96.5372
4870.000000	89.357	99.7003
4940.000000	89.490	103.4555
5000.000000	89.527	106.1973
5080.000000	89.433	109.5668
5150.000000	89.201	112.6428
5220.000000	88.830	116.1730
5300.000000	88.262	121.0923
5380.000000	87.588	127.2451
5450.000000	86.954	133.7406
5520.000000	86.317	141.2476
5600.000000	85.624	150.9128
5700.000000	84.846	164.2844
5800.000000	84.188	178.7484
5900.000000	83.669	-165.9663
6000.000000	83.289	-150.0995
6080.000000	83.072	-137.1172
6150.000000	82.934	-125.6080
6220.000000	82.840	-113.9892
6300.000000	82.785	-100.6022
6400.000000	82.799	-83.7707
6500.000000	82.909	-67.0197
6600.000000	83.122	-50.8877
6700.000000	83.439	-36.6151
6800.000000	83.845	-25.8061
6900.000000	84.331	-18.8389
7000.000000	84.914	-14.6406
7100.000000	85.605	-12.1491
7200.000000	86.397	-10.9569
7300.000000	87.267	-11.0897
7400.000000	88.165	-12.7153
7500.000000	89.023	-15.9817
7620.000000	89.868	-22.0065
7750.000000	90.373	-30.4912
7880.000000	90.305	-39.6966
8000.000000	89.719	-47.4892
8120.000000	88.729	-53.6320
8250.000000	87.373	-57.9169
8380.000000	85.913	-59.8140
8500.000000	84.603	-59.8401
8620.000000	83.397	-58.6453
8750.000000	82.228	-56.3549
8850.000000	81.423	-54.0701
9000.000000	80.345	-50.0398
9120.000000	79.576	-46.3917
9250.000000	78.823	-42.0450
9380.000000	78.159	-37.3909
9500.000000	77.636	-33.0367
9620.000000	77.185	-28.7436
9750.000000	76.760	-24.0823
9880.000000	76.403	-19.3497
10000.000000	76.138	-14.9473
10150.000000	75.890	-9.4562
10300.000000	75.722	-4.0312
10440.000000	75.633	0.9138
10600.000000	75.608	6.3807
10750.000000	75.665	11.3000
10900.000000	75.805	15.9887
11060.000000	76.054	20.6671
11200.000000	76.358	24.3885
11380.000000	76.860	28.4467
11500.000000	77.256	30.5761
11720.000000	78.077	33.0434
11800.000000	78.396	33.4201
12060.000000	79.448	32.5762
12200.000000	79.981	30.7817
12410.000000	80.644	26.3089
12500.000000	80.846	23.7624
12650.000000	81.027	18.8515
12800.000000	80.982	13.4403
13150.000000	79.938	1.0853
13200.000000	79.687	-0.4826
13400.000000	78.475	-5.9633
13600.000000	77.015	-9.9330
13800.000000	75.444	-12.1821
14000.000000	73.874	-12.6196
14300.000000	71.686	-10.1106
14500.000000	70.421	-6.6615
14750.000000	69.116	-0.7510
15000.000000	68.172	6.2196
15250.000000	67.608	12.8552
15500.000000	67.366	17.3466
15750.000000	67.290	18.0766
16000.000000	67.116	14.6744
16250.000000	66.527	8.4919
16500.000000	65.329	2.0998
16750.000000	63.554	-1.9576
17000.000000	61.411	-2.0656
17250.000000	59.159	2.3318
17500.000000	57.035	10.9485
17750.000000	55.255	22.7647
18000.000000	53.974	36.3151
18250.000000	53.251	49.9783
18500.000000	53.013	62.2535
18750.000000	53.052	72.1239
19000.000000	53.154	79.4543
19250.000000	53.174	84.6496
19500.000000	53.032	88.2199
19750.000000	52.748	90.5055
20000.000000	52.511	91.6395
