* Measurement data measured by REW V5.40 beta 112
* Source: Microphone (2- USB Sound Device        ), MICROPHONE (Master Volume), L, volume: 0.250
* Format: 256k Log Swept Sine, 1 sweep at 0.0 dBFS with no timing reference
* Dated: Jan 14, 2026, 11:06:18 AM
* REW Settings:
*  C-weighting compensation: Off
*  Target level: 75.0 dB
* Note: 
* Measurement: L Geekfly GF01 Jan 14
* Smoothing: 1/24 octave
* Frequency Step: 1/48 octave
* Start Frequency: 20.300 Hz
*
* Freq(Hz)	SPL(dB)	Phase(degrees)
20.299999	80.214	-147.6598
20.600000	80.205	-148.3820
20.900000	80.191	-149.1952
21.200001	80.177	-150.0195
21.400000	80.168	-150.5731
21.799999	80.148	-151.6877
22.000000	80.139	-152.2436
22.400000	80.125	-153.3342
22.700001	80.116	-154.1194
23.000000	80.107	-154.8683
23.299999	80.100	-155.5809
23.600000	80.094	-156.2632
24.000000	80.085	-157.1417
24.299999	80.075	-157.7886
24.700001	80.060	-158.6456
25.000000	80.047	-159.2870
25.400000	80.028	-160.1401
25.799999	80.009	-160.9884
26.200001	79.989	-161.8281
26.500000	79.974	-162.4487
26.900000	79.952	-163.2574
27.200001	79.934	-163.8457
27.600000	79.910	-164.6038
28.000000	79.887	-165.3358
28.500000	79.861	-166.2305
29.000000	79.832	-167.1209
29.500000	79.803	-168.0088
30.000000	79.775	-168.8784
30.400000	79.750	-169.5507
30.700001	79.732	-170.0410
31.100000	79.708	-170.6816
31.500000	79.684	-171.3156
32.000000	79.654	-172.1036
32.500000	79.623	-172.8751
33.000000	79.588	-173.6097
33.500000	79.556	-174.3027
34.000000	79.529	-174.9749
34.500000	79.508	-175.6567
35.000000	79.485	-176.3573
35.500000	79.454	-177.0559
36.000000	79.418	-177.7229
36.500000	79.383	-178.3484
37.000000	79.352	-178.9517
37.500000	79.325	-179.5602
38.200001	79.282	179.5660
38.700001	79.248	178.9462
39.500000	79.193	178.0039
40.000000	79.158	177.4470
40.599998	79.117	176.8026
41.200001	79.078	176.1758
41.799999	79.044	175.5520
42.500000	79.006	174.8093
43.099998	78.968	174.1704
43.700001	78.926	173.5609
44.400002	78.880	172.8994
45.000000	78.844	172.3469
45.500000	78.813	171.8792
46.200001	78.764	171.2264
46.799999	78.721	170.6910
47.500000	78.674	170.0909
48.200001	78.636	169.4881
48.700001	78.613	169.0519
49.400002	78.584	168.4546
50.000000	78.554	167.9742
50.799999	78.496	167.3748
51.500000	78.440	166.8538
52.200001	78.387	166.3156
53.000000	78.327	165.6986
53.799999	78.273	165.0988
54.500000	78.231	164.5832
55.200001	78.191	164.0819
56.000000	78.142	163.5340
57.000000	78.079	162.8436
58.000000	78.012	162.1368
59.000000	77.948	161.4978
60.000000	77.890	160.9249
60.799999	77.845	160.4694
61.500000	77.807	160.0535
62.200001	77.772	159.6166
63.000000	77.730	159.1259
64.000000	77.666	158.5865
65.000000	77.595	158.0609
66.000000	77.524	157.4918
67.000000	77.465	156.9463
68.000000	77.416	156.4297
69.000000	77.361	155.9153
70.000000	77.296	155.4127
71.000000	77.228	154.9637
72.000000	77.169	154.5585
73.000000	77.114	154.1267
74.000000	77.058	153.6739
75.000000	77.002	153.2435
76.199997	76.933	152.7523
77.500000	76.855	152.2545
78.800003	76.779	151.7490
80.000000	76.707	151.2526
81.199997	76.635	150.7590
82.500000	76.562	150.2728
83.800003	76.496	149.8311
85.000000	76.439	149.4102
86.199997	76.380	148.9626
87.500000	76.310	148.5202
88.500000	76.253	148.2324
90.000000	76.173	147.8284
91.199997	76.108	147.4779
92.500000	76.038	147.0700
93.800003	75.975	146.6565
95.000000	75.914	146.3011
96.199997	75.846	145.9673
97.500000	75.770	145.6139
98.800003	75.691	145.2824
100.000000	75.616	145.0022
101.500000	75.534	144.6467
103.000000	75.466	144.3003
104.400002	75.400	144.0052
106.000000	75.320	143.7078
107.500000	75.244	143.4037
109.000000	75.166	143.0912
110.599998	75.091	142.7626
112.000000	75.034	142.4552
113.800003	74.959	142.0865
115.000000	74.909	141.8734
117.199997	74.811	141.5066
118.000000	74.770	141.3759
120.599998	74.645	140.9114
122.000000	74.588	140.6307
124.099998	74.505	140.2565
125.000000	74.466	140.1150
126.500000	74.394	139.9086
128.000000	74.320	139.7272
131.500000	74.156	139.2737
132.000000	74.134	139.2072
134.000000	74.043	138.9565
136.000000	73.951	138.7614
138.000000	73.860	138.5811
140.000000	73.770	138.3110
143.000000	73.633	137.9582
145.000000	73.542	137.8015
147.500000	73.434	137.5746
150.000000	73.331	137.3470
152.500000	73.237	137.1917
155.000000	73.145	136.9844
157.500000	73.055	136.6744
160.000000	72.968	136.4816
162.500000	72.880	136.4113
165.000000	72.799	136.2790
167.500000	72.718	136.1140
170.000000	72.633	135.9114
172.500000	72.550	135.7435
175.000000	72.462	135.6563
177.500000	72.372	135.5910
180.000000	72.277	135.4937
182.500000	72.171	135.4227
185.000000	72.051	135.3513
187.500000	71.912	135.2779
190.000000	71.767	135.2619
192.500000	71.634	135.2549
195.000000	71.512	135.2523
197.500000	71.400	135.2617
200.000000	71.302	135.2866
203.000000	71.202	135.4305
206.000000	71.119	135.6761
209.000000	71.049	135.9601
212.000000	70.985	136.2794
214.000000	70.940	136.5212
218.000000	70.843	137.0690
220.000000	70.802	137.3942
224.000000	70.766	138.1628
227.000000	70.782	138.6792
230.000000	70.822	138.8679
233.000000	70.866	138.7116
236.000000	70.884	138.3460
240.000000	70.854	137.7610
243.000000	70.800	137.3668
247.000000	70.693	136.9244
250.000000	70.602	136.6696
254.000000	70.492	136.4783
258.000000	70.385	136.3791
262.000000	70.281	136.3422
265.000000	70.206	136.3707
269.000000	70.108	136.4305
272.000000	70.039	136.4693
276.000000	69.952	136.5072
280.000000	69.860	136.4813
285.000000	69.746	136.4760
290.000000	69.634	136.5482
295.000000	69.518	136.6006
300.000000	69.400	136.7159
304.000000	69.300	136.8715
307.000000	69.231	137.0091
311.000000	69.143	137.1862
315.000000	69.063	137.3427
320.000000	68.965	137.5212
325.000000	68.870	137.7891
330.000000	68.782	138.0125
335.000000	68.692	138.2097
340.000000	68.612	138.4553
345.000000	68.546	138.6939
350.000000	68.471	138.9123
355.000000	68.375	139.1841
360.000000	68.281	139.4716
365.000000	68.197	139.7154
370.000000	68.117	139.9524
375.000000	68.035	140.2021
382.000000	67.917	140.5383
387.000000	67.832	140.7812
395.000000	67.713	141.2454
400.000000	67.643	141.5583
406.000000	67.562	141.9935
412.000000	67.486	142.4418
418.000000	67.412	142.8563
425.000000	67.328	143.2990
431.000000	67.260	143.6800
437.000000	67.200	144.0239
444.000000	67.123	144.4402
450.000000	67.057	144.7513
455.000000	67.006	145.0517
462.000000	66.930	145.5522
468.000000	66.867	145.9800
475.000000	66.803	146.3962
482.000000	66.751	146.8228
487.000000	66.710	147.1751
494.000000	66.640	147.6436
500.000000	66.578	147.9933
508.000000	66.506	148.4658
515.000000	66.443	148.8918
522.000000	66.379	149.2560
530.000000	66.312	149.7598
538.000000	66.242	150.3220
545.000000	66.178	150.8082
552.000000	66.120	151.2664
560.000000	66.062	151.7701
570.000000	65.992	152.4460
580.000000	65.912	153.0883
590.000000	65.835	153.8086
600.000000	65.772	154.5774
608.000000	65.724	155.1882
615.000000	65.681	155.6916
622.000000	65.639	156.1675
630.000000	65.596	156.7306
640.000000	65.541	157.4523
650.000000	65.473	158.2245
660.000000	65.415	158.9779
670.000000	65.364	159.7615
680.000000	65.307	160.6255
690.000000	65.257	161.4480
700.000000	65.213	162.1580
710.000000	65.182	162.9297
720.000000	65.148	163.8061
730.000000	65.112	164.7092
740.000000	65.091	165.6306
750.000000	65.070	166.5428
762.000000	65.043	167.5677
775.000000	65.034	168.7050
788.000000	65.031	169.8797
800.000000	65.038	170.9865
812.000000	65.048	172.0532
825.000000	65.065	173.2355
838.000000	65.077	174.4438
850.000000	65.097	175.5511
862.000000	65.134	176.6022
875.000000	65.186	177.6702
885.000000	65.230	178.5140
900.000000	65.306	179.7623
912.000000	65.358	-179.2980
925.000000	65.405	-178.2722
938.000000	65.462	-177.2316
950.000000	65.527	-176.2974
962.000000	65.599	-175.4125
975.000000	65.683	-174.4798
988.000000	65.772	-173.5728
1000.000000	65.858	-172.7550
1015.000000	65.964	-171.8064
1030.000000	66.083	-170.8551
1044.000000	66.200	-170.0177
1060.000000	66.331	-169.2144
1075.000000	66.462	-168.5042
1090.000000	66.601	-167.7897
1106.000000	66.745	-167.1054
1120.000000	66.864	-166.6027
1138.000000	67.019	-165.9903
1150.000000	67.128	-165.6225
1172.000000	67.336	-164.9947
1180.000000	67.411	-164.7718
1206.000000	67.645	-164.1475
1220.000000	67.776	-163.9009
1241.000000	67.998	-163.6019
1250.000000	68.099	-163.4711
1265.000000	68.266	-163.2462
1280.000000	68.433	-163.0380
1315.000000	68.815	-162.6232
1320.000000	68.862	-162.5664
1340.000000	69.008	-162.3307
1360.000000	69.084	-162.0919
1380.000000	69.110	-161.8723
1400.000000	69.125	-161.6132
1430.000000	69.186	-161.3027
1450.000000	69.265	-161.0732
1475.000000	69.408	-160.7599
1500.000000	69.572	-160.4600
1525.000000	69.748	-160.2016
1550.000000	69.935	-159.9488
1575.000000	70.127	-159.7146
1600.000000	70.323	-159.5309
1625.000000	70.515	-159.3539
1650.000000	70.698	-159.1767
1675.000000	70.874	-159.0356
1700.000000	71.057	-158.8857
1725.000000	71.247	-158.7245
1750.000000	71.445	-158.6362
1775.000000	71.652	-158.5858
1800.000000	71.861	-158.5585
1825.000000	72.066	-158.5768
1850.000000	72.272	-158.6884
1875.000000	72.477	-158.8937
1900.000000	72.683	-159.1444
1925.000000	72.889	-159.4441
1950.000000	73.090	-159.7877
1975.000000	73.289	-160.1706
2000.000000	73.492	-160.6523
2030.000000	73.744	-161.4191
2060.000000	73.992	-162.3369
2090.000000	74.230	-163.3131
2120.000000	74.453	-164.4206
2140.000000	74.590	-165.2504
2180.000000	74.844	-167.1180
2200.000000	74.960	-168.0681
2240.000000	75.160	-170.0165
2270.000000	75.288	-171.5546
2300.000000	75.400	-173.1370
2330.000000	75.496	-174.7371
2360.000000	75.565	-176.2796
2400.000000	75.625	-178.3197
2430.000000	75.650	-179.8405
2470.000000	75.655	178.1816
2500.000000	75.638	176.7787
2540.000000	75.594	174.9934
2580.000000	75.526	173.3517
2620.000000	75.440	171.9091
2650.000000	75.367	170.9421
2690.000000	75.266	169.7757
2720.000000	75.185	169.0281
2760.000000	75.075	168.2032
2800.000000	74.975	167.5533
2850.000000	74.859	167.0138
2900.000000	74.774	166.6498
2950.000000	74.708	166.2983
3000.000000	74.644	166.0124
3040.000000	74.603	165.8555
3070.000000	74.578	165.7715
3110.000000	74.555	165.6831
3150.000000	74.536	165.6128
3200.000000	74.523	165.5599
3250.000000	74.524	165.5984
3300.000000	74.540	165.7449
3350.000000	74.574	165.9217
3400.000000	74.627	166.1141
3450.000000	74.694	166.3170
3500.000000	74.770	166.4844
3550.000000	74.863	166.6025
3600.000000	74.982	166.6755
3650.000000	75.125	166.6335
3700.000000	75.299	166.4971
3750.000000	75.514	166.2321
3820.000000	75.860	165.5792
3870.000000	76.135	164.8291
3950.000000	76.615	163.0916
4000.000000	76.920	161.5658
4060.000000	77.280	159.2367
4120.000000	77.602	156.3686
4180.000000	77.856	152.8743
4250.000000	78.059	147.9326
4310.000000	78.123	143.2111
4370.000000	78.074	138.1828
4440.000000	77.865	132.1741
4500.000000	77.565	127.1744
4550.000000	77.239	123.2751
4620.000000	76.678	118.4420
4680.000000	76.118	114.9813
4750.000000	75.399	111.8013
4820.000000	74.641	109.5239
4870.000000	74.087	108.3990
4940.000000	73.313	107.4484
5000.000000	72.663	107.1375
5080.000000	71.832	107.3530
5150.000000	71.141	107.9936
5220.000000	70.478	108.9791
5300.000000	69.758	110.4924
5380.000000	69.074	112.2949
5450.000000	68.503	114.1166
5520.000000	67.965	116.1470
5600.000000	67.402	118.6508
5700.000000	66.764	122.0091
5800.000000	66.196	125.5741
5900.000000	65.715	129.3023
6000.000000	65.312	133.1915
6080.000000	65.027	136.3712
6150.000000	64.800	139.2115
6220.000000	64.590	142.0802
6300.000000	64.373	145.3585
6400.000000	64.143	149.4292
6500.000000	63.956	153.5226
6600.000000	63.808	157.6129
6700.000000	63.712	161.6896
6800.000000	63.690	165.7434
6900.000000	63.728	169.7167
7000.000000	63.816	173.5619
7100.000000	63.966	177.2733
7200.000000	64.197	-179.1814
7300.000000	64.505	-175.8469
7400.000000	64.872	-172.7765
7500.000000	65.318	-170.0115
7620.000000	65.975	-167.1397
7750.000000	66.779	-164.7327
7880.000000	67.572	-163.3164
8000.000000	68.243	-163.0388
8120.000000	68.849	-163.9462
8250.000000	69.407	-166.5804
8380.000000	69.822	-170.9949
8500.000000	70.007	-176.3528
8620.000000	69.930	177.6652
8750.000000	69.524	171.3625
8850.000000	69.006	167.2547
9000.000000	67.995	162.9687
9120.000000	67.079	161.2722
9250.000000	66.068	161.0431
9380.000000	65.090	162.2458
9500.000000	64.254	164.3422
9620.000000	63.521	167.1685
9750.000000	62.850	170.9123
9880.000000	62.298	175.1801
10000.000000	61.894	179.4414
10150.000000	61.530	-174.8595
10300.000000	61.306	-168.8625
10440.000000	61.209	-163.1895
10600.000000	61.235	-156.6775
10750.000000	61.410	-150.6484
10900.000000	61.752	-144.8578
11060.000000	62.322	-139.1273
11200.000000	63.009	-134.6638
11380.000000	64.170	-130.2947
11500.000000	65.119	-128.7357
11720.000000	67.163	-130.6487
11800.000000	67.921	-133.4169
12060.000000	69.571	-150.4817
12200.000000	69.520	-162.4697
12410.000000	68.154	-177.6340
12500.000000	67.262	178.0695
12650.000000	65.643	174.0957
12800.000000	64.073	173.3882
13150.000000	61.014	179.0116
13200.000000	60.640	-179.7397
13400.000000	59.292	-174.2598
13600.000000	58.232	-168.5143
13800.000000	57.542	-162.9541
14000.000000	57.195	-157.8548
14300.000000	57.203	-151.9568
14500.000000	57.448	-149.9480
14750.000000	57.775	-150.0373
15000.000000	57.883	-152.7969
15250.000000	57.550	-157.2211
15500.000000	56.634	-161.7187
15750.000000	55.226	-165.1015
16000.000000	53.577	-166.8849
16250.000000	51.913	-167.0279
16500.000000	50.312	-165.4523
16750.000000	48.752	-162.0004
17000.000000	47.276	-156.6832
17250.000000	45.929	-149.9382
17500.000000	44.715	-142.6612
17750.000000	43.653	-135.5175
18000.000000	42.683	-128.7310
18250.000000	41.736	-122.5682
18500.000000	40.720	-116.8293
18750.000000	39.572	-110.7039
19000.000000	38.313	-103.5749
19250.000000	36.990	-95.3489
19500.000000	35.555	-85.9711
19750.000000	34.028	-75.9575
