* Measurement data measured by REW V5.40 beta 120
* Source: Microphone (2- USB Sound Device        ), MICROPHONE (Master Volume), L, volume: 0.250
* Format: 256k Log Swept Sine, 1 sweep at 0.0 dBFS with no timing reference
* Dated: Mar 28, 2026, 8:34:47 PM
* REW Settings:
*  C-weighting compensation: Off
*  Target level: 75.0 dB
* Note: 
* Measurement: Huawei FBP5 HSB L
* Smoothing: 1/24 octave
* Frequency Step: 1/48 octave
* Start Frequency: 20.300 Hz
*
* Freq(Hz)	SPL(dB)	Phase(degrees)
20.299999	75.223	-110.9637
20.600000	75.316	-112.8974
20.900000	75.426	-115.0229
21.200001	75.538	-117.1031
21.400000	75.610	-118.4529
21.799999	75.745	-121.0612
22.000000	75.807	-122.3184
22.400000	75.923	-124.7387
22.700001	75.999	-126.4773
23.000000	76.065	-128.1623
23.299999	76.123	-129.8091
23.600000	76.173	-131.4324
24.000000	76.228	-133.5758
24.299999	76.260	-135.1688
24.700001	76.298	-137.2620
25.000000	76.327	-138.7980
25.400000	76.368	-140.7904
25.799999	76.412	-142.7170
26.200001	76.455	-144.5810
26.500000	76.485	-145.9383
26.900000	76.515	-147.6905
27.200001	76.531	-148.9591
27.600000	76.544	-150.5923
28.000000	76.552	-152.1714
28.500000	76.559	-154.0972
29.000000	76.559	-155.9858
29.500000	76.556	-157.8192
30.000000	76.551	-159.5642
30.400000	76.545	-160.8922
30.700001	76.542	-161.8598
31.100000	76.536	-163.1315
31.500000	76.526	-164.3978
32.000000	76.506	-165.9654
32.500000	76.477	-167.4748
33.000000	76.444	-168.8884
33.500000	76.414	-170.2138
34.000000	76.391	-171.4908
34.500000	76.369	-172.7449
35.000000	76.341	-173.9658
35.500000	76.304	-175.1324
36.000000	76.264	-176.2464
36.500000	76.225	-177.3245
37.000000	76.183	-178.3664
37.500000	76.138	-179.3489
38.200001	76.076	179.3904
38.700001	76.037	178.5311
39.500000	75.978	177.1546
40.000000	75.934	176.3252
40.599998	75.879	175.4063
41.200001	75.829	174.5442
41.799999	75.782	173.6917
42.500000	75.724	172.7273
43.099998	75.672	171.9625
43.700001	75.625	171.2297
44.400002	75.573	170.3777
45.000000	75.518	169.7040
45.500000	75.466	169.2329
46.200001	75.403	168.6835
46.799999	75.364	168.2181
47.500000	75.332	167.6107
48.200001	75.304	166.9711
48.700001	75.286	166.5325
49.400002	75.261	165.9744
50.000000	75.230	165.5530
50.799999	75.170	165.0399
51.500000	75.112	164.5971
52.200001	75.057	164.1789
53.000000	74.999	163.7780
53.799999	74.953	163.4123
54.500000	74.917	163.0693
55.200001	74.884	162.7288
56.000000	74.852	162.3731
57.000000	74.815	161.9410
58.000000	74.769	161.5341
59.000000	74.723	161.1537
60.000000	74.681	160.7857
60.799999	74.647	160.5445
61.500000	74.619	160.3573
62.200001	74.591	160.1691
63.000000	74.560	159.9600
64.000000	74.530	159.7031
65.000000	74.500	159.4017
66.000000	74.463	159.0587
67.000000	74.419	158.7426
68.000000	74.376	158.5099
69.000000	74.336	158.3238
70.000000	74.298	158.1181
71.000000	74.259	157.8981
72.000000	74.221	157.6915
73.000000	74.177	157.4872
74.000000	74.126	157.2839
75.000000	74.073	157.1075
76.199997	74.014	156.9290
77.500000	73.961	156.7319
78.800003	73.908	156.5623
80.000000	73.850	156.4142
81.199997	73.780	156.1823
82.500000	73.697	155.8288
83.800003	73.617	155.4518
85.000000	73.536	155.1812
86.199997	73.439	155.0099
87.500000	73.315	154.8573
88.500000	73.214	154.7309
90.000000	73.060	154.5601
91.199997	72.927	154.5311
92.500000	72.778	154.5740
93.800003	72.628	154.6337
95.000000	72.480	154.6914
96.199997	72.316	154.7238
97.500000	72.127	154.7127
98.800003	71.937	154.6787
100.000000	71.759	154.6683
101.500000	71.535	154.6754
103.000000	71.315	154.6626
104.400002	71.112	154.6359
106.000000	70.884	154.6683
107.500000	70.670	154.7442
109.000000	70.448	154.8276
110.599998	70.207	154.8880
112.000000	69.996	154.9068
113.800003	69.729	154.9857
115.000000	69.560	155.0770
117.199997	69.245	155.3239
118.000000	69.125	155.4451
120.599998	68.748	155.7575
122.000000	68.552	155.8594
124.099998	68.263	155.9506
125.000000	68.143	156.0255
126.500000	67.942	156.2592
128.000000	67.735	156.5338
131.500000	67.250	157.0260
132.000000	67.183	157.0799
134.000000	66.919	157.3352
136.000000	66.670	157.7814
138.000000	66.443	158.2349
140.000000	66.230	158.5228
143.000000	65.925	158.8484
145.000000	65.732	159.0442
147.500000	65.504	159.4261
150.000000	65.300	159.7603
152.500000	65.118	160.0849
155.000000	64.961	160.4163
157.500000	64.828	160.6773
160.000000	64.721	160.9571
162.500000	64.629	161.2766
165.000000	64.559	161.5754
167.500000	64.510	161.8893
170.000000	64.481	162.2211
172.500000	64.464	162.5772
175.000000	64.468	162.8536
177.500000	64.489	163.1564
180.000000	64.504	163.5012
182.500000	64.527	163.8396
185.000000	64.557	164.2255
187.500000	64.592	164.5937
190.000000	64.620	164.9218
192.500000	64.654	165.2586
195.000000	64.717	165.6857
197.500000	64.803	166.1365
200.000000	64.907	166.6479
203.000000	65.046	167.2226
206.000000	65.207	167.6477
209.000000	65.379	168.0957
212.000000	65.531	168.5410
214.000000	65.618	168.8403
218.000000	65.766	169.5945
220.000000	65.827	170.1383
224.000000	65.939	171.3102
227.000000	66.048	172.1591
230.000000	66.183	173.0256
233.000000	66.321	173.8811
236.000000	66.457	174.5695
240.000000	66.645	175.1401
243.000000	66.765	175.4483
247.000000	66.880	175.7720
250.000000	66.944	176.0066
254.000000	67.011	176.2551
258.000000	67.051	176.4145
262.000000	67.074	176.5259
265.000000	67.088	176.5798
269.000000	67.115	176.6026
272.000000	67.138	176.5978
276.000000	67.165	176.5480
280.000000	67.189	176.4479
285.000000	67.220	176.2400
290.000000	67.265	175.8599
295.000000	67.322	175.4122
300.000000	67.381	174.8997
304.000000	67.437	174.4244
307.000000	67.483	174.0256
311.000000	67.550	173.5140
315.000000	67.628	173.0489
320.000000	67.743	172.4113
325.000000	67.881	171.8093
330.000000	68.039	171.2160
335.000000	68.210	170.6196
340.000000	68.394	170.0862
345.000000	68.587	169.6081
350.000000	68.775	169.1437
355.000000	68.942	168.7384
360.000000	69.106	168.4658
365.000000	69.278	168.3048
370.000000	69.445	168.1161
375.000000	69.610	167.9932
382.000000	69.845	167.9431
387.000000	70.016	167.9285
395.000000	70.243	167.8726
400.000000	70.359	167.7305
406.000000	70.480	167.4978
412.000000	70.573	167.2609
418.000000	70.650	167.0399
425.000000	70.724	166.7707
431.000000	70.750	166.5920
437.000000	70.747	166.5096
444.000000	70.738	166.3751
450.000000	70.732	166.2138
455.000000	70.723	166.0258
462.000000	70.698	165.6843
468.000000	70.663	165.3360
475.000000	70.607	164.9368
482.000000	70.522	164.5619
487.000000	70.447	164.2728
494.000000	70.337	163.8318
500.000000	70.242	163.3703
508.000000	70.124	162.7294
515.000000	70.021	162.2650
522.000000	69.909	161.8762
530.000000	69.783	161.4724
538.000000	69.663	161.0300
545.000000	69.554	160.6501
552.000000	69.441	160.3503
560.000000	69.316	160.0794
570.000000	69.168	159.7899
580.000000	69.024	159.6273
590.000000	68.892	159.5079
600.000000	68.774	159.4894
608.000000	68.690	159.4883
615.000000	68.629	159.4961
622.000000	68.585	159.5300
630.000000	68.551	159.5634
640.000000	68.499	159.6224
650.000000	68.444	159.8947
660.000000	68.402	160.2807
670.000000	68.374	160.7051
680.000000	68.349	161.1210
690.000000	68.308	161.6035
700.000000	68.261	162.1801
710.000000	68.202	162.7570
720.000000	68.128	163.2359
730.000000	68.049	163.7959
740.000000	67.971	164.5284
750.000000	67.878	165.4051
762.000000	67.737	166.4678
775.000000	67.566	167.6548
788.000000	67.393	169.0268
800.000000	67.226	170.3691
812.000000	67.060	171.7476
825.000000	66.894	173.2607
838.000000	66.734	174.7943
850.000000	66.592	176.2010
862.000000	66.466	177.5387
875.000000	66.357	178.9085
885.000000	66.289	179.9601
900.000000	66.223	-178.4744
912.000000	66.206	-177.2955
925.000000	66.215	-176.0328
938.000000	66.246	-174.7151
950.000000	66.284	-173.5592
962.000000	66.324	-172.4584
975.000000	66.377	-171.2682
988.000000	66.431	-170.1461
1000.000000	66.460	-169.1894
1015.000000	66.475	-168.1936
1030.000000	66.470	-167.3206
1044.000000	66.456	-166.5666
1060.000000	66.413	-165.7838
1075.000000	66.353	-165.1458
1090.000000	66.281	-164.5374
1106.000000	66.198	-163.9105
1120.000000	66.145	-163.4079
1138.000000	66.108	-162.7567
1150.000000	66.103	-162.3713
1172.000000	66.138	-161.8026
1180.000000	66.166	-161.6521
1206.000000	66.321	-161.3506
1220.000000	66.418	-161.1772
1241.000000	66.555	-160.9259
1250.000000	66.606	-160.8387
1265.000000	66.672	-160.7415
1280.000000	66.699	-160.6548
1315.000000	66.551	-160.4576
1320.000000	66.502	-160.4319
1340.000000	66.233	-160.3357
1360.000000	65.849	-160.3121
1380.000000	65.399	-160.2655
1400.000000	64.961	-160.1978
1430.000000	64.433	-160.0750
1450.000000	64.219	-160.0599
1475.000000	64.129	-160.2875
1500.000000	64.197	-160.5733
1525.000000	64.346	-160.7958
1550.000000	64.492	-161.1341
1575.000000	64.583	-161.4969
1600.000000	64.591	-161.9626
1625.000000	64.524	-162.7495
1650.000000	64.393	-163.6785
1675.000000	64.213	-164.5986
1700.000000	63.982	-165.4982
1725.000000	63.703	-166.5162
1750.000000	63.423	-167.6775
1775.000000	63.171	-169.0237
1800.000000	62.971	-170.4695
1825.000000	62.833	-171.9662
1850.000000	62.775	-173.5450
1875.000000	62.801	-175.1199
1900.000000	62.919	-176.6981
1925.000000	63.113	-178.3232
1950.000000	63.375	-179.9076
1975.000000	63.701	178.6376
2000.000000	64.065	177.2115
2030.000000	64.504	175.5349
2060.000000	64.942	174.0045
2090.000000	65.387	172.5924
2120.000000	65.801	171.4271
2140.000000	66.050	170.7874
2180.000000	66.472	169.7011
2200.000000	66.643	169.2037
2240.000000	66.912	168.4836
2270.000000	67.045	168.2309
2300.000000	67.115	168.0810
2330.000000	67.120	167.9494
2360.000000	67.082	167.8263
2400.000000	67.017	167.7327
2430.000000	66.974	167.7175
2470.000000	66.931	167.6804
2500.000000	66.912	167.6655
2540.000000	66.904	167.5978
2580.000000	66.909	167.4603
2620.000000	66.917	167.2930
2650.000000	66.926	167.0754
2690.000000	66.939	166.7012
2720.000000	66.942	166.4097
2760.000000	66.947	166.0263
2800.000000	66.967	165.5644
2850.000000	66.968	164.8418
2900.000000	66.955	164.0434
2950.000000	66.929	163.2384
3000.000000	66.899	162.5531
3040.000000	66.863	161.9980
3070.000000	66.827	161.5722
3110.000000	66.773	161.0494
3150.000000	66.715	160.5832
3200.000000	66.645	160.0633
3250.000000	66.576	159.5751
3300.000000	66.502	159.0917
3350.000000	66.427	158.6580
3400.000000	66.343	158.3641
3450.000000	66.250	158.0995
3500.000000	66.149	157.8572
3550.000000	66.025	157.5719
3600.000000	65.853	157.4864
3650.000000	65.688	158.1938
3700.000000	65.660	159.2172
3750.000000	65.725	159.7343
3820.000000	65.813	159.8234
3870.000000	65.871	159.9293
3950.000000	65.969	160.3314
4000.000000	66.029	160.5048
4060.000000	66.090	160.6832
4120.000000	66.148	160.7986
4180.000000	66.210	160.8665
4250.000000	66.264	160.8832
4310.000000	66.307	160.7632
4370.000000	66.353	160.4894
4440.000000	66.423	160.0703
4500.000000	66.484	159.6075
4550.000000	66.543	159.1859
4620.000000	66.644	158.4868
4680.000000	66.727	157.7231
4750.000000	66.814	156.7365
4820.000000	66.874	155.6588
4870.000000	66.901	154.8545
4940.000000	66.915	153.6149
5000.000000	66.901	152.5496
5080.000000	66.839	151.2802
5150.000000	66.746	150.2383
5220.000000	66.631	149.2794
5300.000000	66.477	148.4254
5380.000000	66.295	147.7769
5450.000000	66.118	147.4077
5520.000000	65.934	147.2645
5600.000000	65.735	147.3983
5700.000000	65.512	148.0307
5800.000000	65.320	149.1873
5900.000000	65.215	150.7145
6000.000000	65.194	152.4845
6080.000000	65.209	154.1361
6150.000000	65.249	155.7151
6220.000000	65.324	157.3389
6300.000000	65.459	159.1668
6400.000000	65.697	161.3779
6500.000000	66.029	163.4286
6600.000000	66.449	165.1279
6700.000000	66.942	166.2884
6800.000000	67.492	166.8694
6900.000000	68.100	166.9100
7000.000000	68.758	166.3116
7100.000000	69.480	164.8643
7200.000000	70.268	162.2744
7300.000000	71.079	158.2021
7400.000000	71.828	152.4781
7500.000000	72.404	145.0779
7620.000000	72.716	134.6317
7750.000000	72.448	123.1138
7880.000000	71.546	113.5418
8000.000000	70.315	107.3998
8120.000000	68.898	103.8372
8250.000000	67.325	102.5202
8380.000000	65.851	103.1980
8500.000000	64.647	105.0984
8620.000000	63.609	107.9088
8750.000000	62.648	111.7239
8850.000000	61.997	115.0704
9000.000000	61.131	120.8019
9120.000000	60.539	125.9100
9250.000000	59.992	131.7601
9380.000000	59.550	137.9564
9500.000000	59.240	143.8868
9620.000000	59.027	150.0547
9750.000000	58.909	156.8582
9880.000000	58.931	163.6345
10000.000000	59.065	169.7585
10150.000000	59.350	177.0400
10300.000000	59.750	-176.0481
10440.000000	60.211	-169.9894
10600.000000	60.864	-163.7248
10750.000000	61.612	-158.5288
10900.000000	62.519	-154.2826
11060.000000	63.663	-151.2845
11200.000000	64.759	-150.5170
11380.000000	66.129	-153.0426
11500.000000	66.872	-157.1160
11720.000000	67.489	-168.2664
11800.000000	67.409	-172.7009
12060.000000	66.123	175.9052
12200.000000	65.016	173.0253
12410.000000	63.267	173.0688
12500.000000	62.553	174.4001
12650.000000	61.460	177.8768
12800.000000	60.510	-177.4982
13150.000000	58.635	-163.7851
13200.000000	58.385	-161.6520
13400.000000	57.434	-152.9392
13600.000000	56.637	-144.0407
13800.000000	56.073	-135.0025
14000.000000	55.766	-125.8084
14300.000000	55.719	-111.9212
14500.000000	55.918	-102.5930
14750.000000	56.422	-91.5843
15000.000000	57.109	-81.9959
15250.000000	57.847	-74.2082
15500.000000	58.420	-68.8118
15750.000000	58.735	-65.7295
16000.000000	58.842	-64.5158
16250.000000	58.747	-64.2623
16500.000000	58.413	-63.9921
16750.000000	57.780	-62.6696
17000.000000	56.907	-59.5019
17250.000000	55.918	-54.0267
17500.000000	54.896	-46.3834
17750.000000	53.961	-37.0490
18000.000000	53.223	-26.4508
18250.000000	52.711	-14.8904
18500.000000	52.422	-2.8097
18750.000000	52.290	9.3606
19000.000000	52.255	21.1563
19250.000000	52.250	32.0929
19500.000000	52.133	41.6608
19750.000000	51.764	49.3334
