* Measurement data measured by REW V5.31.3
* Source: Microphone (USB Sound Device        ), MICROPHONE (Master Volume), L, volume: 0.700
* Format: 256k Log Swept Sine, 1 sweep at -12.0 dBFS with no timing reference
* Dated: 31-Jan-2025 16:03:33
* REW Settings:
*  C-weighting compensation: Off
*  Target level: 75.0 dB
* Note: 
* Measurement: KZ Xtra A
* Smoothing: 1/12 octave
* Frequency Step: 1/48 octave
* Start Frequency: 20.300 Hz
*
* Freq(Hz)	SPL(dB)	Phase(degrees)
20.299999	102.442	-128.8535
20.600000	102.494	-129.3205
20.900000	102.559	-129.8881
21.200001	102.628	-130.4741
21.400000	102.674	-130.8612
21.799999	102.766	-131.6230
22.000000	102.812	-131.9996
22.400000	102.906	-132.7510
22.700001	102.977	-133.3177
23.000000	103.047	-133.8910
23.299999	103.116	-134.4736
23.600000	103.182	-135.0655
24.000000	103.263	-135.8629
24.299999	103.319	-136.4578
24.700001	103.388	-137.2321
25.000000	103.438	-137.7923
25.400000	103.505	-138.5127
25.799999	103.574	-139.2134
26.200001	103.644	-139.9084
26.500000	103.697	-140.4308
26.900000	103.764	-141.1278
27.200001	103.812	-141.6474
27.600000	103.872	-142.3298
28.000000	103.929	-142.9961
28.500000	103.998	-143.8040
29.000000	104.062	-144.5850
29.500000	104.125	-145.3433
30.000000	104.186	-146.0881
30.400000	104.234	-146.6812
30.700001	104.269	-147.1264
31.100000	104.314	-147.7195
31.500000	104.356	-148.3082
32.000000	104.408	-149.0310
32.500000	104.457	-149.7355
33.000000	104.505	-150.4236
33.500000	104.550	-151.1012
34.000000	104.594	-151.7748
34.500000	104.638	-152.4491
35.000000	104.680	-153.1229
35.500000	104.722	-153.7904
36.000000	104.763	-154.4468
36.500000	104.806	-155.0933
37.000000	104.849	-155.7343
37.500000	104.889	-156.3691
38.200001	104.934	-157.2317
38.700001	104.961	-157.8210
39.500000	104.997	-158.7352
40.000000	105.018	-159.3064
40.599998	105.043	-159.9958
41.200001	105.072	-160.6788
41.799999	105.109	-161.3487
42.500000	105.157	-162.1196
43.099998	105.194	-162.7736
43.700001	105.220	-163.4143
44.400002	105.239	-164.1404
45.000000	105.252	-164.7551
45.500000	105.266	-165.2709
46.200001	105.290	-165.9937
46.799999	105.313	-166.5907
47.500000	105.336	-167.2307
48.200001	105.355	-167.8164
48.700001	105.371	-168.2335
49.400002	105.395	-168.8696
50.000000	105.416	-169.4774
50.799999	105.434	-170.3120
51.500000	105.442	-170.9855
52.200001	105.449	-171.5910
53.000000	105.456	-172.2544
53.799999	105.460	-172.9315
54.500000	105.463	-173.5316
55.200001	105.469	-174.1235
56.000000	105.480	-174.7846
57.000000	105.493	-175.5964
58.000000	105.500	-176.3979
59.000000	105.502	-177.1952
60.000000	105.507	-177.9903
60.799999	105.513	-178.6019
61.500000	105.519	-179.1064
62.200001	105.527	-179.5925
63.000000	105.535	179.8542
64.000000	105.540	179.1533
65.000000	105.541	178.4510
66.000000	105.539	177.7506
67.000000	105.536	177.0479
68.000000	105.530	176.3537
69.000000	105.523	175.6887
70.000000	105.516	175.0496
71.000000	105.507	174.4191
72.000000	105.498	173.7958
73.000000	105.494	173.1819
74.000000	105.493	172.5746
75.000000	105.490	171.9704
76.199997	105.480	171.2454
77.500000	105.464	170.4778
78.800003	105.452	169.7311
80.000000	105.444	169.0312
81.199997	105.432	168.3381
82.500000	105.411	167.6321
83.800003	105.388	166.9601
85.000000	105.371	166.3585
86.199997	105.356	165.7605
87.500000	105.335	165.1027
88.500000	105.318	164.5932
90.000000	105.292	163.8362
91.199997	105.272	163.2390
92.500000	105.252	162.5987
93.800003	105.232	161.9756
95.000000	105.212	161.4169
96.199997	105.191	160.8728
97.500000	105.164	160.2971
98.800003	105.134	159.7202
100.000000	105.106	159.1801
101.500000	105.075	158.5106
103.000000	105.046	157.8516
104.400002	105.022	157.2388
106.000000	104.995	156.5499
107.500000	104.968	155.9252
109.000000	104.934	155.3295
110.599998	104.895	154.7278
112.000000	104.863	154.2188
113.800003	104.827	153.5666
115.000000	104.802	153.1273
117.199997	104.755	152.3313
118.000000	104.737	152.0490
120.599998	104.679	151.1086
122.000000	104.649	150.5793
124.099998	104.605	149.7962
125.000000	104.584	149.4759
126.500000	104.546	148.9659
128.000000	104.508	148.4801
131.500000	104.425	147.3777
132.000000	104.414	147.2188
134.000000	104.368	146.5839
136.000000	104.321	145.9625
138.000000	104.271	145.3506
140.000000	104.220	144.7432
143.000000	104.146	143.8748
145.000000	104.099	143.2990
147.500000	104.042	142.5547
150.000000	103.982	141.8369
152.500000	103.922	141.1769
155.000000	103.864	140.5433
157.500000	103.806	139.9174
160.000000	103.745	139.3057
162.500000	103.686	138.7018
165.000000	103.629	138.1125
167.500000	103.574	137.5504
170.000000	103.518	136.9997
172.500000	103.462	136.4388
175.000000	103.408	135.8726
177.500000	103.352	135.3083
180.000000	103.288	134.7502
182.500000	103.214	134.1999
185.000000	103.128	133.6661
187.500000	103.030	133.1532
190.000000	102.930	132.6521
192.500000	102.837	132.1597
195.000000	102.757	131.6795
197.500000	102.691	131.2103
200.000000	102.639	130.7467
203.000000	102.594	130.1988
206.000000	102.560	129.6680
209.000000	102.530	129.1521
212.000000	102.493	128.6479
214.000000	102.463	128.3240
218.000000	102.390	127.7113
220.000000	102.348	127.4130
224.000000	102.261	126.8114
227.000000	102.193	126.3609
230.000000	102.123	125.9222
233.000000	102.051	125.4952
236.000000	101.978	125.0741
240.000000	101.881	124.5088
243.000000	101.810	124.0759
247.000000	101.720	123.5151
250.000000	101.653	123.1268
254.000000	101.563	122.6306
258.000000	101.473	122.1335
262.000000	101.385	121.6509
265.000000	101.322	121.3082
269.000000	101.237	120.8787
272.000000	101.172	120.5742
276.000000	101.083	120.1766
280.000000	100.995	119.7815
285.000000	100.887	119.2956
290.000000	100.781	118.8250
295.000000	100.676	118.3918
300.000000	100.573	118.0183
304.000000	100.494	117.7590
307.000000	100.438	117.5717
311.000000	100.367	117.3235
315.000000	100.301	117.0850
320.000000	100.229	116.7768
325.000000	100.162	116.4185
330.000000	100.095	116.0148
335.000000	100.022	115.6005
340.000000	99.947	115.1962
345.000000	99.870	114.8058
350.000000	99.789	114.4295
355.000000	99.705	114.0610
360.000000	99.620	113.6932
365.000000	99.537	113.3388
370.000000	99.453	113.0150
375.000000	99.367	112.7151
382.000000	99.246	112.3220
387.000000	99.160	112.0900
395.000000	99.027	111.7845
400.000000	98.949	111.5967
406.000000	98.862	111.3685
412.000000	98.783	111.1304
418.000000	98.708	110.8620
425.000000	98.623	110.5311
431.000000	98.543	110.2773
437.000000	98.456	110.0566
444.000000	98.356	109.8148
450.000000	98.278	109.6178
455.000000	98.218	109.4727
462.000000	98.137	109.2878
468.000000	98.070	109.1304
475.000000	97.992	108.9391
482.000000	97.917	108.7411
487.000000	97.864	108.6007
494.000000	97.787	108.4079
500.000000	97.720	108.2425
508.000000	97.632	108.0048
515.000000	97.559	107.7894
522.000000	97.488	107.5962
530.000000	97.407	107.4288
538.000000	97.323	107.3105
545.000000	97.249	107.2279
552.000000	97.176	107.1423
560.000000	97.098	107.0319
570.000000	97.007	106.8953
580.000000	96.916	106.7977
590.000000	96.824	106.7459
600.000000	96.735	106.7070
608.000000	96.666	106.6725
615.000000	96.608	106.6453
622.000000	96.553	106.6255
630.000000	96.494	106.6255
640.000000	96.422	106.6455
650.000000	96.351	106.6462
660.000000	96.284	106.6640
670.000000	96.222	106.7394
680.000000	96.165	106.8391
690.000000	96.112	106.9326
700.000000	96.063	107.0204
710.000000	96.012	107.1222
720.000000	95.958	107.2544
730.000000	95.907	107.4004
740.000000	95.862	107.5302
750.000000	95.821	107.6312
762.000000	95.777	107.7345
775.000000	95.736	107.8741
788.000000	95.700	108.1073
800.000000	95.670	108.3675
812.000000	95.649	108.5967
825.000000	95.637	108.7736
838.000000	95.617	108.8831
850.000000	95.581	109.0180
862.000000	95.543	109.2777
875.000000	95.525	109.6620
885.000000	95.531	109.9565
900.000000	95.559	110.3333
912.000000	95.586	110.5795
925.000000	95.617	110.8007
938.000000	95.648	110.9915
950.000000	95.677	111.1498
962.000000	95.707	111.2789
975.000000	95.744	111.3776
988.000000	95.788	111.4543
1000.000000	95.834	111.5369
1015.000000	95.890	111.6487
1030.000000	95.946	111.7191
1044.000000	96.003	111.7379
1060.000000	96.073	111.7257
1075.000000	96.139	111.6885
1090.000000	96.201	111.6114
1106.000000	96.266	111.4813
1120.000000	96.327	111.3364
1138.000000	96.410	111.1116
1150.000000	96.467	110.9429
1172.000000	96.572	110.6083
1180.000000	96.610	110.4785
1206.000000	96.735	110.0636
1220.000000	96.806	109.8542
1241.000000	96.924	109.5370
1250.000000	96.979	109.3983
1265.000000	97.078	109.1666
1280.000000	97.183	108.9361
1315.000000	97.409	108.4097
1320.000000	97.434	108.3342
1340.000000	97.506	108.0284
1360.000000	97.528	107.7283
1380.000000	97.513	107.4441
1400.000000	97.488	107.1779
1430.000000	97.477	106.8208
1450.000000	97.499	106.6112
1475.000000	97.559	106.3915
1500.000000	97.651	106.2065
1525.000000	97.756	106.0576
1550.000000	97.867	105.9472
1575.000000	97.986	105.8851
1600.000000	98.116	105.8863
1625.000000	98.260	105.9537
1650.000000	98.424	106.0664
1675.000000	98.610	106.1975
1700.000000	98.823	106.3108
1725.000000	99.060	106.3680
1750.000000	99.317	106.3200
1775.000000	99.593	106.1104
1800.000000	99.883	105.6949
1825.000000	100.180	105.0367
1850.000000	100.473	104.1275
1875.000000	100.750	102.9960
1900.000000	101.002	101.6982
1925.000000	101.227	100.3009
1950.000000	101.427	98.8686
1975.000000	101.604	97.4440
2000.000000	101.762	96.0538
2030.000000	101.936	94.4348
2060.000000	102.103	92.8645
2090.000000	102.267	91.3398
2120.000000	102.427	89.8390
2140.000000	102.534	88.8431
2180.000000	102.742	86.8644
2200.000000	102.845	85.8720
2240.000000	103.045	83.8456
2270.000000	103.190	82.2819
2300.000000	103.334	80.6946
2330.000000	103.476	79.0805
2360.000000	103.611	77.4244
2400.000000	103.781	75.1573
2430.000000	103.902	73.4204
2470.000000	104.051	71.0413
2500.000000	104.153	69.2193
2540.000000	104.270	66.7661
2580.000000	104.364	64.2890
2620.000000	104.436	61.7908
2650.000000	104.478	59.9083
2690.000000	104.513	57.4070
2720.000000	104.524	55.5571
2760.000000	104.517	53.1396
2800.000000	104.482	50.7787
2850.000000	104.396	47.9466
2900.000000	104.258	45.4790
2950.000000	104.125	43.7047
3000.000000	104.097	42.1787
3040.000000	104.100	40.5598
3070.000000	104.073	39.2122
3110.000000	103.998	37.4495
3150.000000	103.892	35.8203
3200.000000	103.736	34.0294
3250.000000	103.568	32.6321
3300.000000	103.424	31.7361
3350.000000	103.353	31.0310
3400.000000	103.313	30.0108
3450.000000	103.239	28.8523
3500.000000	103.135	27.8398
3550.000000	103.023	27.0384
3600.000000	102.920	26.4193
3650.000000	102.834	25.9413
3700.000000	102.768	25.5724
3750.000000	102.725	25.2839
3820.000000	102.706	24.9789
3870.000000	102.719	24.8173
3950.000000	102.774	24.6224
4000.000000	102.821	24.5204
4060.000000	102.888	24.3790
4120.000000	102.966	24.1576
4180.000000	103.051	23.8395
4250.000000	103.154	23.3436
4310.000000	103.244	22.7906
4370.000000	103.338	22.1041
4440.000000	103.455	21.1459
4500.000000	103.564	20.2150
4550.000000	103.661	19.3824
4620.000000	103.799	18.1652
4680.000000	103.918	17.1061
4750.000000	104.052	15.8707
4820.000000	104.178	14.6185
4870.000000	104.262	13.6980
4940.000000	104.372	12.3599
5000.000000	104.461	11.1616
5080.000000	104.574	9.4709
5150.000000	104.660	7.8615
5220.000000	104.726	6.0865
5300.000000	104.769	3.8654
5380.000000	104.770	1.4993
5450.000000	104.730	-0.6418
5520.000000	104.655	-2.8029
5600.000000	104.528	-5.2587
5700.000000	104.303	-8.2137
5800.000000	104.010	-10.8773
5900.000000	103.668	-13.1194
6000.000000	103.293	-14.8676
6080.000000	102.975	-15.8896
6150.000000	102.684	-16.5057
6220.000000	102.386	-16.8688
6300.000000	102.040	-16.9891
6400.000000	101.613	-16.7280
6500.000000	101.204	-16.0480
6600.000000	100.824	-14.9760
6700.000000	100.486	-13.5297
6800.000000	100.199	-11.7376
6900.000000	99.969	-9.6405
7000.000000	99.805	-7.2976
7100.000000	99.717	-4.7931
7200.000000	99.713	-2.2190
7300.000000	99.798	0.3464
7400.000000	99.968	2.8438
7500.000000	100.224	5.2393
7620.000000	100.636	7.9214
7750.000000	101.173	10.4957
7880.000000	101.749	12.6178
8000.000000	102.301	14.0112
8120.000000	102.887	14.5981
8250.000000	103.573	13.8802
8380.000000	104.278	11.2963
8500.000000	104.862	7.1180
8620.000000	105.277	1.4639
8750.000000	105.440	-5.6868
8850.000000	105.327	-11.3430
9000.000000	104.792	-19.0493
9120.000000	104.121	-23.9922
9250.000000	103.236	-27.8657
9380.000000	102.261	-30.0929
9500.000000	101.355	-30.7583
9620.000000	100.501	-30.2802
9750.000000	99.676	-28.7196
9880.000000	98.981	-26.3608
10000.000000	98.463	-23.7701
10150.000000	97.970	-20.2676
10300.000000	97.635	-16.5913
10440.000000	97.468	-13.1697
10600.000000	97.458	-9.6086
10750.000000	97.626	-7.0222
10900.000000	97.952	-5.6395
11060.000000	98.422	-6.0654
11200.000000	98.851	-8.4908
11380.000000	99.220	-14.7398
11500.000000	99.189	-20.5751
11720.000000	98.168	-31.7521
11800.000000	97.439	-34.3823
12060.000000	94.438	-29.4674
12200.000000	93.229	-22.1352
12410.000000	92.206	-16.5930
12500.000000	91.824	-15.8497
12650.000000	91.079	-15.0116
12800.000000	90.175	-13.5701
13150.000000	87.691	-5.6042
13200.000000	87.317	-3.9642
13400.000000	85.821	3.6220
13600.000000	84.402	12.6931
13800.000000	83.186	23.1705
14000.000000	82.296	34.3408
14300.000000	81.488	49.8525
14500.000000	81.120	59.7261
14750.000000	80.805	72.5472
15000.000000	80.665	85.7773
15250.000000	80.675	98.9285
15500.000000	80.813	111.5201
15750.000000	81.116	123.0138
16000.000000	81.649	132.7723
16250.000000	82.386	140.1812
16500.000000	83.169	144.9898
16750.000000	83.796	147.5189
17000.000000	84.117	148.6241
17250.000000	84.072	149.4565
17500.000000	83.680	151.1208
17750.000000	83.026	154.4535
18000.000000	82.229	159.9941
18250.000000	81.422	167.9436
18500.000000	80.710	178.0226
18750.000000	80.131	-170.4405
19000.000000	79.664	-158.0988
19250.000000	79.260	-145.3634
19500.000000	78.879	-132.7786
19750.000000	78.530	-121.7633
20000.000000	78.310	-115.1188
