* Measurement data measured by REW V5.31.3
* Source: Microphone (USB Sound Device        ), MICROPHONE (Master Volume), L, volume: 0.700
* Format: 256k Log Swept Sine, 1 sweep at -12.0 dBFS with no timing reference
* Dated: 31-Jan-2025 16:02:52
* REW Settings:
*  C-weighting compensation: Off
*  Target level: 75.0 dB
* Note: 
* Measurement: KZ Xtra A
* Smoothing: 1/12 octave
* Frequency Step: 1/48 octave
* Start Frequency: 20.300 Hz
*
* Freq(Hz)	SPL(dB)	Phase(degrees)
20.299999	105.245	-126.2578
20.600000	105.438	-127.5246
20.900000	105.681	-129.2180
21.200001	105.935	-131.1920
21.400000	106.102	-132.6394
21.799999	106.414	-135.8294
22.000000	106.556	-137.5658
22.400000	106.802	-141.3007
22.700001	106.947	-144.3081
23.000000	107.052	-147.4628
23.299999	107.112	-150.7284
23.600000	107.122	-154.0577
24.000000	107.050	-158.4923
24.299999	106.931	-161.7278
24.700001	106.691	-165.7882
25.000000	106.456	-168.5648
25.400000	106.086	-171.8245
25.799999	105.670	-174.5377
26.200001	105.228	-176.7120
26.500000	104.890	-178.0136
26.900000	104.437	-179.3484
27.200001	104.103	179.9295
27.600000	103.673	179.3127
28.000000	103.269	179.0570
28.500000	102.815	179.1652
29.000000	102.421	179.6348
29.500000	102.082	-179.6393
30.000000	101.794	-178.7284
30.400000	101.597	-177.9063
30.700001	101.468	-177.2585
31.100000	101.321	-176.3827
31.500000	101.201	-175.5205
32.000000	101.084	-174.4858
32.500000	100.999	-173.5022
33.000000	100.941	-172.5646
33.500000	100.905	-171.6736
34.000000	100.888	-170.8375
34.500000	100.887	-170.0661
35.000000	100.897	-169.3676
35.500000	100.916	-168.7455
36.000000	100.942	-168.1960
36.500000	100.974	-167.7097
37.000000	101.009	-167.2764
37.500000	101.049	-166.8915
38.200001	101.108	-166.4375
38.700001	101.152	-166.1772
39.500000	101.226	-165.8677
40.000000	101.275	-165.7327
40.599998	101.336	-165.6188
41.200001	101.399	-165.5458
41.799999	101.463	-165.5009
42.500000	101.535	-165.4687
43.099998	101.595	-165.4538
43.700001	101.655	-165.4577
44.400002	101.725	-165.5031
45.000000	101.785	-165.5848
45.500000	101.834	-165.6801
46.200001	101.900	-165.8446
46.799999	101.954	-166.0055
47.500000	102.017	-166.2085
48.200001	102.083	-166.4213
48.700001	102.131	-166.5764
49.400002	102.198	-166.7956
50.000000	102.248	-166.9866
50.799999	102.300	-167.2548
51.500000	102.337	-167.5096
52.200001	102.373	-167.7799
53.000000	102.416	-168.0946
53.799999	102.463	-168.4070
54.500000	102.504	-168.6806
55.200001	102.546	-168.9602
56.000000	102.593	-169.2906
57.000000	102.649	-169.7102
58.000000	102.702	-170.1302
59.000000	102.752	-170.5648
60.000000	102.801	-171.0156
60.799999	102.838	-171.3773
61.500000	102.870	-171.6894
62.200001	102.900	-172.0006
63.000000	102.934	-172.3648
64.000000	102.972	-172.8371
65.000000	103.007	-173.3082
66.000000	103.042	-173.7716
67.000000	103.079	-174.2345
68.000000	103.113	-174.6836
69.000000	103.142	-175.1095
70.000000	103.167	-175.5382
71.000000	103.190	-175.9995
72.000000	103.213	-176.4787
73.000000	103.237	-176.9417
74.000000	103.260	-177.3776
75.000000	103.281	-177.7939
76.199997	103.302	-178.2785
77.500000	103.326	-178.7959
78.800003	103.350	-179.3268
80.000000	103.370	-179.8460
81.199997	103.385	179.6255
82.500000	103.400	179.0796
83.800003	103.418	178.5549
85.000000	103.436	178.0759
86.199997	103.453	177.5939
87.500000	103.469	177.0536
88.500000	103.479	176.6299
90.000000	103.488	176.0089
91.199997	103.493	175.5306
92.500000	103.499	175.0258
93.800003	103.504	174.5475
95.000000	103.507	174.1329
96.199997	103.508	173.7190
97.500000	103.507	173.2479
98.800003	103.504	172.7591
100.000000	103.503	172.3094
101.500000	103.507	171.7628
103.000000	103.514	171.2329
104.400002	103.522	170.7492
106.000000	103.529	170.2030
107.500000	103.529	169.6873
109.000000	103.524	169.1710
110.599998	103.514	168.6451
112.000000	103.505	168.2151
113.800003	103.493	167.6733
115.000000	103.485	167.2975
117.199997	103.474	166.5823
118.000000	103.471	166.3211
120.599998	103.460	165.5022
122.000000	103.453	165.0926
124.099998	103.443	164.4977
125.000000	103.439	164.2442
126.500000	103.429	163.8194
128.000000	103.417	163.3877
131.500000	103.383	162.3694
132.000000	103.378	162.2230
134.000000	103.360	161.6316
136.000000	103.341	161.0489
138.000000	103.322	160.4968
140.000000	103.299	159.9630
143.000000	103.262	159.1832
145.000000	103.239	158.6987
147.500000	103.206	158.1131
150.000000	103.170	157.5264
152.500000	103.137	156.9478
155.000000	103.111	156.3757
157.500000	103.085	155.8031
160.000000	103.053	155.2112
162.500000	103.019	154.6053
165.000000	102.989	154.0153
167.500000	102.963	153.4454
170.000000	102.938	152.9066
172.500000	102.909	152.4064
175.000000	102.874	151.9227
177.500000	102.837	151.4392
180.000000	102.797	150.9540
182.500000	102.752	150.4710
185.000000	102.694	149.9917
187.500000	102.623	149.5151
190.000000	102.547	149.0444
192.500000	102.473	148.5837
195.000000	102.408	148.1280
197.500000	102.355	147.6697
200.000000	102.315	147.2020
203.000000	102.284	146.6460
206.000000	102.269	146.1320
209.000000	102.259	145.6605
212.000000	102.245	145.2053
214.000000	102.229	144.9037
218.000000	102.179	144.2986
220.000000	102.148	143.9959
224.000000	102.080	143.3993
227.000000	102.026	142.9607
230.000000	101.973	142.5278
233.000000	101.922	142.1068
236.000000	101.872	141.6981
240.000000	101.806	141.1673
243.000000	101.753	140.7781
247.000000	101.679	140.2583
250.000000	101.624	139.8695
254.000000	101.556	139.3803
258.000000	101.489	138.9324
262.000000	101.419	138.4964
265.000000	101.367	138.1667
269.000000	101.295	137.7272
272.000000	101.239	137.3994
276.000000	101.165	136.9637
280.000000	101.094	136.5286
285.000000	101.004	135.9935
290.000000	100.914	135.4745
295.000000	100.822	134.9907
300.000000	100.728	134.5427
304.000000	100.649	134.2127
307.000000	100.590	133.9916
311.000000	100.512	133.7311
315.000000	100.439	133.4850
320.000000	100.355	133.1638
325.000000	100.275	132.8289
330.000000	100.198	132.4873
335.000000	100.121	132.1332
340.000000	100.041	131.7831
345.000000	99.961	131.4551
350.000000	99.878	131.1315
355.000000	99.791	130.8065
360.000000	99.703	130.4996
365.000000	99.617	130.2324
370.000000	99.532	130.0141
375.000000	99.450	129.8311
382.000000	99.336	129.5740
387.000000	99.252	129.3731
395.000000	99.119	129.0494
400.000000	99.039	128.8806
406.000000	98.949	128.7223
412.000000	98.864	128.5915
418.000000	98.781	128.4844
425.000000	98.685	128.3920
431.000000	98.602	128.3303
437.000000	98.518	128.2698
444.000000	98.419	128.1973
450.000000	98.342	128.1411
455.000000	98.284	128.0974
462.000000	98.202	128.0206
468.000000	98.129	127.9364
475.000000	98.045	127.8505
482.000000	97.962	127.8005
487.000000	97.904	127.7829
494.000000	97.822	127.7621
500.000000	97.756	127.7322
508.000000	97.675	127.6801
515.000000	97.607	127.6421
522.000000	97.539	127.6123
530.000000	97.462	127.5893
538.000000	97.382	127.5825
545.000000	97.310	127.5750
552.000000	97.239	127.5600
560.000000	97.161	127.5461
570.000000	97.062	127.5482
580.000000	96.963	127.5927
590.000000	96.868	127.6726
600.000000	96.775	127.7734
608.000000	96.699	127.8727
615.000000	96.634	127.9748
622.000000	96.570	128.0822
630.000000	96.498	128.1961
640.000000	96.410	128.3440
650.000000	96.326	128.5395
660.000000	96.244	128.7670
670.000000	96.164	129.0089
680.000000	96.082	129.2702
690.000000	95.992	129.5286
700.000000	95.905	129.7841
710.000000	95.829	130.0545
720.000000	95.763	130.3375
730.000000	95.702	130.6195
740.000000	95.647	130.9047
750.000000	95.598	131.2177
762.000000	95.538	131.6665
775.000000	95.468	132.2209
788.000000	95.401	132.7893
800.000000	95.345	133.2958
812.000000	95.298	133.7384
825.000000	95.247	134.1165
838.000000	95.179	134.4857
850.000000	95.103	135.0078
862.000000	95.043	135.7508
875.000000	95.012	136.6141
885.000000	95.005	137.2094
900.000000	95.003	137.9973
912.000000	95.006	138.5953
925.000000	95.012	139.2234
938.000000	95.021	139.7993
950.000000	95.031	140.2784
962.000000	95.045	140.7166
975.000000	95.064	141.1584
988.000000	95.087	141.5874
1000.000000	95.111	141.9783
1015.000000	95.145	142.4465
1030.000000	95.181	142.8710
1044.000000	95.216	143.2146
1060.000000	95.257	143.5381
1075.000000	95.296	143.7914
1090.000000	95.334	144.0380
1106.000000	95.374	144.2983
1120.000000	95.407	144.4962
1138.000000	95.447	144.6848
1150.000000	95.472	144.7727
1172.000000	95.515	144.8952
1180.000000	95.531	144.9402
1206.000000	95.586	145.1076
1220.000000	95.619	145.1961
1241.000000	95.675	145.3123
1250.000000	95.702	145.3650
1265.000000	95.750	145.4680
1280.000000	95.801	145.5887
1315.000000	95.898	145.9032
1320.000000	95.905	145.9526
1340.000000	95.904	146.1708
1360.000000	95.850	146.4191
1380.000000	95.758	146.6864
1400.000000	95.650	146.9704
1430.000000	95.505	147.4818
1450.000000	95.436	147.8862
1475.000000	95.384	148.4344
1500.000000	95.358	149.0648
1525.000000	95.347	149.8004
1550.000000	95.348	150.6075
1575.000000	95.360	151.4693
1600.000000	95.381	152.4222
1625.000000	95.406	153.5058
1650.000000	95.436	154.6926
1675.000000	95.476	155.9565
1700.000000	95.536	157.3104
1725.000000	95.624	158.7312
1750.000000	95.742	160.1650
1775.000000	95.890	161.5474
1800.000000	96.067	162.8356
1825.000000	96.267	164.0030
1850.000000	96.482	165.0197
1875.000000	96.702	165.8808
1900.000000	96.921	166.6077
1925.000000	97.135	167.2381
1950.000000	97.343	167.8008
1975.000000	97.545	168.3139
2000.000000	97.743	168.7959
2030.000000	97.980	169.3391
2060.000000	98.219	169.8313
2090.000000	98.463	170.2725
2120.000000	98.711	170.6501
2140.000000	98.880	170.8580
2180.000000	99.229	171.1782
2200.000000	99.406	171.3044
2240.000000	99.763	171.5058
2270.000000	100.030	171.5692
2300.000000	100.293	171.5267
2330.000000	100.552	171.3843
2360.000000	100.807	171.1521
2400.000000	101.142	170.7224
2430.000000	101.388	170.3109
2470.000000	101.707	169.6420
2500.000000	101.938	169.0561
2540.000000	102.234	168.1779
2580.000000	102.514	167.2017
2620.000000	102.780	166.1320
2650.000000	102.968	165.2659
2690.000000	103.202	164.0306
2720.000000	103.364	163.0468
2760.000000	103.563	161.6678
2800.000000	103.737	160.2139
2850.000000	103.907	158.3120
2900.000000	104.003	156.5383
2950.000000	104.054	155.3864
3000.000000	104.185	154.6665
3040.000000	104.331	153.6589
3070.000000	104.418	152.6431
3110.000000	104.490	151.1765
3150.000000	104.520	149.7731
3200.000000	104.506	148.2505
3250.000000	104.445	147.1226
3300.000000	104.373	146.5912
3350.000000	104.365	146.4196
3400.000000	104.399	145.9391
3450.000000	104.393	145.2178
3500.000000	104.340	144.5925
3550.000000	104.264	144.1817
3600.000000	104.183	143.9766
3650.000000	104.111	143.9499
3700.000000	104.054	144.0808
3750.000000	104.017	144.3431
3820.000000	103.999	144.8963
3870.000000	104.007	145.4203
3950.000000	104.055	146.4531
4000.000000	104.103	147.1740
4060.000000	104.176	148.0588
4120.000000	104.261	148.9200
4180.000000	104.358	149.7134
4250.000000	104.491	150.5142
4310.000000	104.625	151.0569
4370.000000	104.777	151.4229
4440.000000	104.980	151.5857
4500.000000	105.169	151.4829
4550.000000	105.331	151.2305
4620.000000	105.550	150.6515
4680.000000	105.719	149.9917
4750.000000	105.887	149.1053
4820.000000	106.021	148.1631
4870.000000	106.099	147.4867
4940.000000	106.185	146.5482
5000.000000	106.244	145.7361
5080.000000	106.300	144.6066
5150.000000	106.328	143.5427
5220.000000	106.331	142.3859
5300.000000	106.295	140.9607
5380.000000	106.207	139.4720
5450.000000	106.082	138.1639
5520.000000	105.912	136.8951
5600.000000	105.671	135.5518
5700.000000	105.304	134.1492
5800.000000	104.877	133.1950
5900.000000	104.411	132.8119
6000.000000	103.922	133.0428
6080.000000	103.520	133.6613
6150.000000	103.164	134.5046
6220.000000	102.806	135.6167
6300.000000	102.401	137.1979
6400.000000	101.909	139.6031
6500.000000	101.445	142.4471
6600.000000	101.019	145.6935
6700.000000	100.643	149.3154
6800.000000	100.329	153.2633
6900.000000	100.084	157.4716
7000.000000	99.911	161.8799
7100.000000	99.818	166.4097
7200.000000	99.811	170.9625
7300.000000	99.892	175.4530
7400.000000	100.063	179.8319
7500.000000	100.326	-175.9297
7620.000000	100.753	-171.0694
7750.000000	101.307	-166.1465
7880.000000	101.904	-161.6720
8000.000000	102.480	-158.1007
8120.000000	103.095	-155.3539
8250.000000	103.816	-153.7539
8380.000000	104.562	-154.0346
8500.000000	105.197	-156.1425
8620.000000	105.679	-159.8745
8750.000000	105.928	-165.2142
8850.000000	105.880	-169.6887
9000.000000	105.414	-175.8888
9120.000000	104.759	-179.7357
9250.000000	103.847	177.6034
9380.000000	102.806	176.7387
9500.000000	101.816	177.5458
9620.000000	100.867	179.7374
9750.000000	99.935	-176.5829
9880.000000	99.145	-171.8882
10000.000000	98.558	-167.0240
10150.000000	98.005	-160.5900
10300.000000	97.636	-153.9169
10440.000000	97.455	-147.6803
10600.000000	97.447	-140.9220
10750.000000	97.643	-135.3732
10900.000000	98.030	-131.1099
11060.000000	98.611	-128.6857
11200.000000	99.170	-128.9493
11380.000000	99.723	-133.0272
11500.000000	99.798	-137.8073
11720.000000	98.882	-147.5369
11800.000000	98.157	-149.5820
12060.000000	95.106	-141.0217
12200.000000	93.873	-131.0994
12410.000000	92.828	-122.8631
12500.000000	92.432	-121.2095
12650.000000	91.649	-118.8547
12800.000000	90.692	-115.7671
13150.000000	88.049	-103.3255
13200.000000	87.649	-100.9823
13400.000000	86.046	-90.4370
13600.000000	84.511	-78.1278
13800.000000	83.182	-64.0883
14000.000000	82.198	-49.1556
14300.000000	81.303	-28.0958
14500.000000	80.911	-14.5524
14750.000000	80.595	2.9530
15000.000000	80.481	20.9554
15250.000000	80.543	38.9101
15500.000000	80.753	56.1570
15750.000000	81.136	71.9399
16000.000000	81.729	85.6037
16250.000000	82.486	96.6934
16500.000000	83.260	105.0819
16750.000000	83.870	111.1082
17000.000000	84.175	115.6395
17250.000000	84.111	119.8346
17500.000000	83.699	124.8177
17750.000000	83.025	131.4617
18000.000000	82.210	140.3456
18250.000000	81.382	151.7099
18500.000000	80.640	165.3036
18750.000000	80.027	-179.5674
19000.000000	79.528	-163.5161
19250.000000	79.105	-146.9396
19500.000000	78.721	-130.5929
19750.000000	78.385	-116.4207
20000.000000	78.181	-107.9958
