* Measurement data measured by REW V5.40 beta 100
* Source: Microphone (2- USB Sound Device        ), MICROPHONE (Master Volume), L, volume: 1.000
* Format: 256k Log Swept Sine, 1 sweep at -12.0 dBFS with no timing reference
* Dated: 25-Sep-2025 10:36:17
* REW Settings:
*  C-weighting compensation: Off
*  Target level: 75.0 dB
* Note: 
* Measurement: L MGA2 ANC R
* Smoothing: 1/24 octave
* Frequency Step: 1/48 octave
* Start Frequency: 20.000 Hz
*
* Freq(Hz)	SPL(dB)	Phase(degrees)
20.000000	70.922	155.7801
20.299999	70.889	155.1694
20.600000	70.871	154.5714
20.900000	70.857	153.9910
21.200001	70.838	153.4679
21.400000	70.820	153.1800
21.799999	70.770	152.8166
22.000000	70.743	152.7543
22.400000	70.701	152.8359
22.700001	70.684	153.0029
23.000000	70.677	153.1732
23.299999	70.672	153.2814
23.600000	70.659	153.2987
24.000000	70.606	153.2172
24.299999	70.534	153.1493
24.700001	70.406	153.1596
25.000000	70.304	153.2655
25.400000	70.183	153.4495
25.799999	70.087	153.4871
26.200001	69.999	153.2194
26.500000	69.917	152.8283
26.900000	69.775	152.2126
27.200001	69.648	151.8141
27.600000	69.480	151.4866
28.000000	69.347	151.3627
28.500000	69.252	151.2518
29.000000	69.201	150.9902
29.500000	69.158	150.6674
30.000000	69.123	150.4681
30.400000	69.110	150.3997
30.700001	69.107	150.3502
31.100000	69.102	150.2405
31.500000	69.081	150.0969
32.000000	69.021	149.9899
32.500000	68.942	150.0679
33.000000	68.864	150.2650
33.500000	68.793	150.3951
34.000000	68.710	150.3615
34.500000	68.599	150.2627
35.000000	68.472	150.2642
35.500000	68.366	150.3788
36.000000	68.304	150.4101
36.500000	68.268	150.1627
37.000000	68.216	149.6896
37.500000	68.132	149.2682
38.200001	68.009	149.1387
38.700001	67.960	149.2552
39.500000	67.923	149.2766
40.000000	67.877	149.2356
40.599998	67.801	149.4071
41.200001	67.749	149.7960
41.799999	67.735	150.0550
42.500000	67.706	149.9416
43.099998	67.624	149.7312
43.700001	67.516	149.7336
44.400002	67.430	149.9473
45.000000	67.400	149.9759
45.500000	67.374	149.7883
46.200001	67.298	149.4643
46.799999	67.217	149.4130
47.500000	67.157	149.5700
48.200001	67.130	149.6296
48.700001	67.105	149.5920
49.400002	67.055	149.6313
50.000000	67.013	149.7827
50.799999	66.953	149.8959
51.500000	66.878	149.8910
52.200001	66.797	150.0055
53.000000	66.742	150.2438
53.799999	66.714	150.3175
54.500000	66.677	150.3107
55.200001	66.631	150.4236
56.000000	66.593	150.6532
57.000000	66.550	150.8665
58.000000	66.496	151.0827
59.000000	66.448	151.2117
60.000000	66.381	151.2062
60.799999	66.320	151.3093
61.500000	66.285	151.4542
62.200001	66.262	151.5306
63.000000	66.228	151.5784
64.000000	66.185	151.8040
65.000000	66.163	152.0135
66.000000	66.128	152.1309
67.000000	66.096	152.2870
68.000000	66.063	152.3046
69.000000	66.009	152.3079
70.000000	65.956	152.3641
71.000000	65.902	152.4228
72.000000	65.847	152.5689
73.000000	65.798	152.7845
74.000000	65.756	153.0011
75.000000	65.712	153.1170
76.199997	65.639	153.3171
77.500000	65.597	153.6252
78.800003	65.566	153.6928
80.000000	65.532	153.7894
81.199997	65.500	153.8833
82.500000	65.465	153.9752
83.800003	65.427	154.0171
85.000000	65.393	154.1387
86.199997	65.369	154.3066
87.500000	65.358	154.5386
88.500000	65.362	154.6181
90.000000	65.329	154.4735
91.199997	65.263	154.5145
92.500000	65.218	154.7893
93.800003	65.216	154.9778
95.000000	65.218	154.9737
96.199997	65.198	155.0404
97.500000	65.178	155.3112
98.800003	65.160	155.5330
100.000000	65.126	155.5980
101.500000	65.055	155.6153
103.000000	64.981	155.7868
104.400002	64.950	155.9634
106.000000	64.947	156.0968
107.500000	64.946	156.0690
109.000000	64.911	156.2117
110.599998	64.885	156.5722
112.000000	64.867	156.7258
113.800003	64.830	156.7753
115.000000	64.807	156.7848
117.199997	64.785	156.8315
118.000000	64.781	156.8595
120.599998	64.757	157.1071
122.000000	64.735	157.2634
124.099998	64.699	157.5238
125.000000	64.691	157.5970
126.500000	64.682	157.5999
128.000000	64.661	157.5322
131.500000	64.614	157.4690
132.000000	64.605	157.4424
134.000000	64.567	157.3697
136.000000	64.522	157.2528
138.000000	64.455	157.2798
140.000000	64.408	157.4254
143.000000	64.358	157.4213
145.000000	64.325	157.3722
147.500000	64.280	157.4368
150.000000	64.254	157.4645
152.500000	64.238	157.3477
155.000000	64.206	157.2312
157.500000	64.150	157.2018
160.000000	64.092	157.3271
162.500000	64.063	157.4075
165.000000	64.039	157.3710
167.500000	64.006	157.3658
170.000000	63.969	157.3610
172.500000	63.932	157.3625
175.000000	63.910	157.4697
177.500000	63.883	157.5196
180.000000	63.829	157.4978
182.500000	63.762	157.4460
185.000000	63.693	157.4811
187.500000	63.611	157.6012
190.000000	63.518	157.8752
192.500000	63.458	158.2734
195.000000	63.446	158.5594
197.500000	63.449	158.6680
200.000000	63.442	158.7339
203.000000	63.443	158.7326
206.000000	63.453	158.5804
209.000000	63.477	158.5678
212.000000	63.513	158.6732
214.000000	63.535	158.7999
218.000000	63.550	159.1390
220.000000	63.546	159.2394
224.000000	63.528	158.9664
227.000000	63.504	158.5654
230.000000	63.465	158.2237
233.000000	63.426	157.9332
236.000000	63.393	157.7582
240.000000	63.356	157.7720
243.000000	63.313	157.6838
247.000000	63.233	157.5090
250.000000	63.186	157.4893
254.000000	63.154	157.5289
258.000000	63.108	157.6164
262.000000	63.044	157.8234
265.000000	63.006	157.9278
269.000000	62.968	157.9396
272.000000	62.944	157.9318
276.000000	62.919	157.9527
280.000000	62.874	158.1133
285.000000	62.798	158.3575
290.000000	62.740	158.2899
295.000000	62.698	158.3316
300.000000	62.655	158.4530
304.000000	62.609	158.5292
307.000000	62.574	158.6191
311.000000	62.531	158.8157
315.000000	62.493	159.0601
320.000000	62.462	159.3295
325.000000	62.438	159.5436
330.000000	62.424	159.7125
335.000000	62.409	159.7927
340.000000	62.392	159.7786
345.000000	62.384	159.8590
350.000000	62.377	160.2220
355.000000	62.354	160.4910
360.000000	62.321	160.5378
365.000000	62.292	160.5350
370.000000	62.273	160.6172
375.000000	62.255	160.8670
382.000000	62.216	161.1073
387.000000	62.201	161.1523
395.000000	62.198	161.2657
400.000000	62.195	161.2443
406.000000	62.182	161.3029
412.000000	62.155	161.6191
418.000000	62.135	161.8858
425.000000	62.127	162.0949
431.000000	62.133	162.2503
437.000000	62.131	162.4689
444.000000	62.109	162.8229
450.000000	62.106	163.0524
455.000000	62.113	163.1411
462.000000	62.135	163.2490
468.000000	62.162	163.2973
475.000000	62.209	163.3537
482.000000	62.253	163.4321
487.000000	62.273	163.4214
494.000000	62.302	163.3794
500.000000	62.322	163.5354
508.000000	62.336	163.7722
515.000000	62.348	163.8718
522.000000	62.368	164.0422
530.000000	62.390	164.4211
538.000000	62.410	164.7652
545.000000	62.418	165.0974
552.000000	62.415	165.5210
560.000000	62.419	166.0150
570.000000	62.454	166.5127
580.000000	62.514	167.0174
590.000000	62.556	167.5594
600.000000	62.561	167.9222
608.000000	62.570	168.0889
615.000000	62.584	168.2390
622.000000	62.588	168.4426
630.000000	62.589	168.7219
640.000000	62.590	169.2071
650.000000	62.592	169.8084
660.000000	62.600	170.2840
670.000000	62.603	170.7810
680.000000	62.596	171.2303
690.000000	62.589	171.7020
700.000000	62.599	172.2574
710.000000	62.614	172.9765
720.000000	62.613	173.6858
730.000000	62.599	174.1730
740.000000	62.589	174.6823
750.000000	62.591	175.4164
762.000000	62.597	176.3410
775.000000	62.633	177.1035
788.000000	62.669	177.8849
800.000000	62.672	178.7072
812.000000	62.661	179.4513
825.000000	62.665	-179.6146
838.000000	62.675	-178.5562
850.000000	62.687	-177.5094
862.000000	62.711	-176.3765
875.000000	62.749	-175.1350
885.000000	62.788	-174.2024
900.000000	62.873	-172.8131
912.000000	62.952	-171.8851
925.000000	63.041	-170.9853
938.000000	63.141	-170.0390
950.000000	63.228	-169.2316
962.000000	63.287	-168.5218
975.000000	63.346	-167.7823
988.000000	63.437	-167.0779
1000.000000	63.526	-166.4558
1015.000000	63.628	-165.6496
1030.000000	63.703	-164.9149
1044.000000	63.759	-164.2825
1060.000000	63.816	-163.5360
1075.000000	63.885	-162.7385
1090.000000	63.946	-161.9236
1106.000000	63.988	-161.1042
1120.000000	64.032	-160.4692
1138.000000	64.101	-159.5615
1150.000000	64.153	-158.9125
1172.000000	64.242	-157.8329
1180.000000	64.268	-157.4527
1206.000000	64.372	-156.2139
1220.000000	64.432	-155.6843
1241.000000	64.509	-155.2281
1250.000000	64.540	-155.1219
1265.000000	64.597	-155.0520
1280.000000	64.671	-155.0439
1315.000000	64.873	-154.9623
1320.000000	64.895	-154.9348
1340.000000	64.944	-154.7979
1360.000000	64.916	-154.6532
1380.000000	64.839	-154.4518
1400.000000	64.754	-154.1016
1430.000000	64.675	-153.6881
1450.000000	64.676	-153.5002
1475.000000	64.729	-153.1277
1500.000000	64.798	-152.7542
1525.000000	64.854	-152.3594
1550.000000	64.932	-151.9612
1575.000000	65.033	-151.6075
1600.000000	65.138	-151.2135
1625.000000	65.230	-150.8333
1650.000000	65.314	-150.5871
1675.000000	65.406	-150.1814
1700.000000	65.530	-149.7380
1725.000000	65.681	-149.2746
1750.000000	65.820	-148.9029
1775.000000	65.963	-148.6327
1800.000000	66.119	-148.3732
1825.000000	66.270	-148.2061
1850.000000	66.419	-148.1606
1875.000000	66.567	-148.1884
1900.000000	66.703	-148.2323
1925.000000	66.832	-148.2128
1950.000000	66.959	-148.2184
1975.000000	67.068	-148.2960
2000.000000	67.180	-148.3800
2030.000000	67.313	-148.3885
2060.000000	67.436	-148.3097
2090.000000	67.564	-148.3100
2120.000000	67.706	-148.2951
2140.000000	67.797	-148.2649
2180.000000	68.000	-148.0381
2200.000000	68.117	-147.8986
2240.000000	68.362	-147.7589
2270.000000	68.563	-147.6557
2300.000000	68.786	-147.5231
2330.000000	69.024	-147.4826
2360.000000	69.272	-147.5987
2400.000000	69.620	-147.8236
2430.000000	69.896	-148.1302
2470.000000	70.267	-148.7054
2500.000000	70.556	-149.2602
2540.000000	70.958	-150.1056
2580.000000	71.354	-151.2187
2620.000000	71.732	-152.7524
2650.000000	72.011	-154.1345
2690.000000	72.379	-156.1641
2720.000000	72.645	-157.8140
2760.000000	72.969	-160.0699
2800.000000	73.270	-162.5099
2850.000000	73.602	-165.9922
2900.000000	73.870	-169.6046
2950.000000	74.087	-173.3118
3000.000000	74.263	-176.9547
3040.000000	74.372	-179.7537
3070.000000	74.424	178.1049
3110.000000	74.472	175.1541
3150.000000	74.508	172.2022
3200.000000	74.526	168.6254
3250.000000	74.499	165.2082
3300.000000	74.429	161.9823
3350.000000	74.328	158.8773
3400.000000	74.204	155.9806
3450.000000	74.061	153.3566
3500.000000	73.918	150.9745
3550.000000	73.786	148.7311
3600.000000	73.670	146.4888
3650.000000	73.567	144.1528
3700.000000	73.468	141.7791
3750.000000	73.371	139.4137
3820.000000	73.203	136.0748
3870.000000	73.061	133.6010
3950.000000	72.789	129.9331
4000.000000	72.583	127.8823
4060.000000	72.313	125.6947
4120.000000	72.015	123.7987
4180.000000	71.685	122.1258
4250.000000	71.299	120.5354
4310.000000	71.005	119.3915
4370.000000	70.740	118.3940
4440.000000	70.457	117.1631
4500.000000	70.254	116.0873
4550.000000	70.109	115.1681
4620.000000	69.914	113.8474
4680.000000	69.737	112.7238
4750.000000	69.521	111.5359
4820.000000	69.287	110.7607
4870.000000	69.118	111.0018
4940.000000	68.919	112.8725
5000.000000	68.754	115.3608
5080.000000	68.527	119.0909
5150.000000	68.344	122.5863
5220.000000	68.174	126.2653
5300.000000	68.004	130.5193
5380.000000	67.853	134.9237
5450.000000	67.741	138.8121
5520.000000	67.648	142.6875
5600.000000	67.575	147.2343
5700.000000	67.541	152.9120
5800.000000	67.543	158.5961
5900.000000	67.597	164.2363
6000.000000	67.712	169.8093
6080.000000	67.829	174.1402
6150.000000	67.935	177.7899
6220.000000	68.035	-178.6778
6300.000000	68.136	-174.7377
6400.000000	68.253	-169.8829
6500.000000	68.372	-165.0595
6600.000000	68.493	-160.2408
6700.000000	68.638	-155.3495
6800.000000	68.835	-150.3973
6900.000000	69.103	-145.5181
7000.000000	69.443	-140.8493
7100.000000	69.889	-136.7282
7200.000000	70.464	-133.6455
7300.000000	71.091	-132.2393
7400.000000	71.659	-133.1201
7500.000000	71.996	-136.2929
7620.000000	71.811	-141.6636
7750.000000	70.771	-145.9432
7880.000000	69.094	-145.5576
8000.000000	67.324	-140.5336
8120.000000	65.625	-131.9734
8250.000000	64.028	-120.1691
8380.000000	62.772	-107.0370
8500.000000	61.932	-94.6229
8620.000000	61.331	-82.2952
8750.000000	60.875	-69.1496
8850.000000	60.625	-59.1510
9000.000000	60.360	-44.3725
9120.000000	60.202	-32.8022
9250.000000	60.089	-20.3127
9380.000000	60.044	-7.8245
9500.000000	60.054	3.6572
9620.000000	60.124	15.1114
9750.000000	60.299	27.4407
9880.000000	60.557	39.7294
10000.000000	60.888	51.0125
10150.000000	61.444	64.7542
10300.000000	62.138	77.8609
10440.000000	62.903	89.1312
10600.000000	63.891	100.4534
10750.000000	64.859	109.0469
10900.000000	65.749	115.3769
11060.000000	66.434	119.8699
11200.000000	66.720	122.9069
11380.000000	66.678	127.3444
11500.000000	66.480	131.1845
11720.000000	65.983	139.5568
11800.000000	65.793	142.6272
12060.000000	65.224	148.8258
12200.000000	65.034	148.6707
12410.000000	64.811	143.7265
12500.000000	64.548	139.7686
12650.000000	63.549	132.0813
12800.000000	61.686	126.3640
13150.000000	55.705	137.8182
13200.000000	54.950	142.2909
13400.000000	52.727	162.1894
13600.000000	51.679	-179.5900
13800.000000	51.374	-164.8957
14000.000000	51.471	-152.6589
14300.000000	52.088	-136.8384
14500.000000	52.736	-127.8677
14750.000000	53.706	-118.4222
15000.000000	54.816	-110.7853
15250.000000	56.061	-105.4812
15500.000000	57.340	-103.4566
15750.000000	58.487	-106.3283
16000.000000	59.189	-114.1573
16250.000000	59.188	-124.6262
16500.000000	58.428	-134.1953
16750.000000	57.121	-140.5183
17000.000000	55.597	-142.9649
17250.000000	54.087	-142.2134
17500.000000	52.699	-139.2062
17750.000000	51.513	-134.9516
18000.000000	50.493	-130.3073
18250.000000	49.672	-125.3799
18500.000000	49.050	-120.0437
18750.000000	48.636	-114.8238
19000.000000	48.449	-110.5459
19250.000000	48.338	-108.1823
19500.000000	48.101	-108.1054
19750.000000	47.587	-110.0398
