* Measurement data measured by REW V5.31.3
* Source: Microphone (6- USB Sound Device        ), MICROPHONE (Master Volume), L, volume: 0.900
* Format: 256k Log Swept Sine, 1 sweep at -12.0 dBFS with no timing reference
* Dated: 14-Jul-2025 15:13:38
* REW Settings:
*  C-weighting compensation: Off
*  Target level: 75.0 dB
* Note: 
* Measurement: Space Travel 2 ANC on R
* Smoothing: 1/12 octave
* Frequency Step: 1/48 octave
* Start Frequency: 20.300 Hz
*
* Freq(Hz)	SPL(dB)	Phase(degrees)
20.299999	68.123	1.1235
20.600000	68.140	1.0823
20.900000	68.153	0.9715
21.200001	68.156	0.7869
21.400000	68.150	0.6356
21.799999	68.125	0.3162
22.000000	68.109	0.1673
22.400000	68.084	-0.0900
22.700001	68.073	-0.2580
23.000000	68.071	-0.4256
23.299999	68.073	-0.6092
23.600000	68.075	-0.8154
24.000000	68.068	-1.1147
24.299999	68.053	-1.3397
24.700001	68.024	-1.6119
25.000000	67.999	-1.7818
25.400000	67.970	-1.9591
25.799999	67.955	-2.0989
26.200001	67.957	-2.2427
26.500000	67.969	-2.3804
26.900000	67.990	-2.6241
27.200001	68.004	-2.8475
27.600000	68.012	-3.1670
28.000000	68.008	-3.4633
28.500000	67.991	-3.7504
29.000000	67.974	-3.9574
29.500000	67.963	-4.1517
30.000000	67.955	-4.3835
30.400000	67.945	-4.5944
30.700001	67.934	-4.7564
31.100000	67.916	-4.9658
31.500000	67.897	-5.1637
32.000000	67.873	-5.4018
32.500000	67.850	-5.6406
33.000000	67.826	-5.8817
33.500000	67.798	-6.1138
34.000000	67.767	-6.3201
34.500000	67.737	-6.4882
35.000000	67.713	-6.6203
35.500000	67.697	-6.7349
36.000000	67.691	-6.8564
36.500000	67.692	-7.0020
37.000000	67.692	-7.1753
37.500000	67.684	-7.3687
38.200001	67.656	-7.6420
38.700001	67.625	-7.8109
39.500000	67.578	-8.0057
40.000000	67.561	-8.0978
40.599998	67.555	-8.2177
41.200001	67.558	-8.3730
41.799999	67.563	-8.5695
42.500000	67.558	-8.8414
43.099998	67.536	-9.0815
43.700001	67.501	-9.2845
44.400002	67.458	-9.4520
45.000000	67.433	-9.5701
45.500000	67.421	-9.6743
46.200001	67.416	-9.8116
46.799999	67.420	-9.8877
47.500000	67.433	-9.9434
48.200001	67.445	-10.0439
48.700001	67.444	-10.1789
49.400002	67.421	-10.4541
50.000000	67.382	-10.7329
50.799999	67.314	-11.0777
51.500000	67.257	-11.2937
52.200001	67.212	-11.4212
53.000000	67.174	-11.5039
53.799999	67.148	-11.5960
54.500000	67.128	-11.7304
55.200001	67.107	-11.8916
56.000000	67.079	-12.0315
57.000000	67.048	-12.1370
58.000000	67.022	-12.3070
59.000000	66.991	-12.5528
60.000000	66.952	-12.7538
60.799999	66.915	-12.8329
61.500000	66.879	-12.8495
62.200001	66.843	-12.8538
63.000000	66.807	-12.8963
64.000000	66.772	-13.0391
65.000000	66.745	-13.2187
66.000000	66.724	-13.3582
67.000000	66.708	-13.4765
68.000000	66.689	-13.6371
69.000000	66.658	-13.8241
70.000000	66.618	-13.9501
71.000000	66.581	-13.9686
72.000000	66.548	-13.9148
73.000000	66.511	-13.8749
74.000000	66.471	-13.9123
75.000000	66.434	-14.0082
76.199997	66.399	-14.1036
77.500000	66.361	-14.1138
78.800003	66.318	-14.0837
80.000000	66.283	-14.1302
81.199997	66.250	-14.2903
82.500000	66.212	-14.4817
83.800003	66.178	-14.5425
85.000000	66.154	-14.4887
86.199997	66.131	-14.4375
87.500000	66.100	-14.4558
88.500000	66.077	-14.5174
90.000000	66.046	-14.6300
91.199997	66.018	-14.6834
92.500000	65.986	-14.6903
93.800003	65.960	-14.6828
95.000000	65.937	-14.6698
96.199997	65.906	-14.6539
97.500000	65.863	-14.6511
98.800003	65.820	-14.6699
100.000000	65.786	-14.7134
101.500000	65.752	-14.8073
103.000000	65.724	-14.9147
104.400002	65.697	-14.9795
106.000000	65.661	-14.9334
107.500000	65.630	-14.7634
109.000000	65.606	-14.5929
110.599998	65.588	-14.5376
112.000000	65.574	-14.5525
113.800003	65.552	-14.5370
115.000000	65.533	-14.5117
117.199997	65.496	-14.4521
118.000000	65.481	-14.4284
120.599998	65.412	-14.3910
122.000000	65.366	-14.3771
124.099998	65.311	-14.3504
125.000000	65.294	-14.3447
126.500000	65.272	-14.3376
128.000000	65.249	-14.3109
131.500000	65.177	-14.1988
132.000000	65.166	-14.1949
134.000000	65.129	-14.2080
136.000000	65.102	-14.1888
138.000000	65.082	-14.1142
140.000000	65.063	-14.0333
143.000000	65.029	-13.8722
145.000000	65.008	-13.7359
147.500000	64.981	-13.5917
150.000000	64.943	-13.4321
152.500000	64.897	-13.2103
155.000000	64.853	-12.9949
157.500000	64.813	-12.9002
160.000000	64.784	-12.9100
162.500000	64.773	-12.9254
165.000000	64.778	-12.9030
167.500000	64.784	-12.8000
170.000000	64.779	-12.6389
172.500000	64.762	-12.4911
175.000000	64.733	-12.4265
177.500000	64.703	-12.4405
180.000000	64.677	-12.4506
182.500000	64.653	-12.3919
185.000000	64.625	-12.3057
187.500000	64.589	-12.2379
190.000000	64.542	-12.1382
192.500000	64.488	-11.9869
195.000000	64.441	-11.8284
197.500000	64.407	-11.7136
200.000000	64.384	-11.6334
203.000000	64.368	-11.5390
206.000000	64.365	-11.4806
209.000000	64.372	-11.4866
212.000000	64.388	-11.5654
214.000000	64.402	-11.6207
218.000000	64.425	-11.5542
220.000000	64.424	-11.4449
224.000000	64.402	-11.2844
227.000000	64.381	-11.2689
230.000000	64.362	-11.3001
233.000000	64.344	-11.3283
236.000000	64.318	-11.2975
240.000000	64.267	-11.0890
243.000000	64.226	-10.8339
247.000000	64.178	-10.4535
250.000000	64.147	-10.1390
254.000000	64.119	-9.6949
258.000000	64.122	-9.2619
262.000000	64.157	-8.8899
265.000000	64.191	-8.7020
269.000000	64.231	-8.5623
272.000000	64.254	-8.5087
276.000000	64.276	-8.4819
280.000000	64.291	-8.4656
285.000000	64.302	-8.4406
290.000000	64.302	-8.4345
295.000000	64.291	-8.4387
300.000000	64.279	-8.4726
304.000000	64.272	-8.5119
307.000000	64.267	-8.5292
311.000000	64.260	-8.5008
315.000000	64.254	-8.4032
320.000000	64.248	-8.2500
325.000000	64.239	-8.1020
330.000000	64.225	-7.9312
335.000000	64.217	-7.7272
340.000000	64.219	-7.5641
345.000000	64.230	-7.4690
350.000000	64.242	-7.3762
355.000000	64.252	-7.2459
360.000000	64.268	-7.1026
365.000000	64.294	-6.9796
370.000000	64.318	-6.8825
375.000000	64.332	-6.8068
382.000000	64.340	-6.7145
387.000000	64.344	-6.6843
395.000000	64.341	-6.7551
400.000000	64.334	-6.8223
406.000000	64.334	-6.8828
412.000000	64.347	-6.9149
418.000000	64.357	-6.8583
425.000000	64.349	-6.6595
431.000000	64.337	-6.4867
437.000000	64.337	-6.4048
444.000000	64.347	-6.3800
450.000000	64.353	-6.3634
455.000000	64.355	-6.3217
462.000000	64.351	-6.2139
468.000000	64.334	-6.0986
475.000000	64.313	-5.9881
482.000000	64.306	-5.9063
487.000000	64.307	-5.8445
494.000000	64.309	-5.7646
500.000000	64.315	-5.6980
508.000000	64.325	-5.5866
515.000000	64.327	-5.4751
522.000000	64.323	-5.3769
530.000000	64.315	-5.2800
538.000000	64.307	-5.1790
545.000000	64.303	-5.0831
552.000000	64.302	-4.9574
560.000000	64.300	-4.7827
570.000000	64.295	-4.5626
580.000000	64.293	-4.3275
590.000000	64.292	-4.0875
600.000000	64.286	-3.9246
608.000000	64.272	-3.8386
615.000000	64.259	-3.7403
622.000000	64.252	-3.6011
630.000000	64.251	-3.4019
640.000000	64.254	-3.1493
650.000000	64.259	-2.8999
660.000000	64.279	-2.6568
670.000000	64.308	-2.4157
680.000000	64.323	-2.1133
690.000000	64.314	-1.7774
700.000000	64.303	-1.5080
710.000000	64.305	-1.3090
720.000000	64.314	-1.0297
730.000000	64.320	-0.6198
740.000000	64.320	-0.2321
750.000000	64.326	0.0155
762.000000	64.351	0.2276
775.000000	64.383	0.5777
788.000000	64.404	1.0153
800.000000	64.414	1.3822
812.000000	64.421	1.7422
825.000000	64.429	2.1955
838.000000	64.441	2.6498
850.000000	64.457	3.0082
862.000000	64.483	3.3654
875.000000	64.524	3.7734
885.000000	64.562	4.0801
900.000000	64.619	4.5150
912.000000	64.662	4.8752
925.000000	64.707	5.3177
938.000000	64.756	5.8103
950.000000	64.805	6.2615
962.000000	64.854	6.6817
975.000000	64.905	7.1139
988.000000	64.956	7.5275
1000.000000	65.008	7.8545
1015.000000	65.078	8.1793
1030.000000	65.148	8.4935
1044.000000	65.214	8.7664
1060.000000	65.299	8.9958
1075.000000	65.385	9.1506
1090.000000	65.472	9.2724
1106.000000	65.563	9.4125
1120.000000	65.640	9.5723
1138.000000	65.738	9.8046
1150.000000	65.804	9.9509
1172.000000	65.924	10.1428
1180.000000	65.965	10.1722
1206.000000	66.099	10.1819
1220.000000	66.181	10.1836
1241.000000	66.321	10.1824
1250.000000	66.385	10.1810
1265.000000	66.496	10.1880
1280.000000	66.608	10.2010
1315.000000	66.836	10.2278
1320.000000	66.861	10.2358
1340.000000	66.927	10.2748
1360.000000	66.941	10.3022
1380.000000	66.917	10.2903
1400.000000	66.879	10.2379
1430.000000	66.842	10.1175
1450.000000	66.845	10.0864
1475.000000	66.892	10.1669
1500.000000	66.977	10.2671
1525.000000	67.078	10.2401
1550.000000	67.187	10.1038
1575.000000	67.301	9.9812
1600.000000	67.413	9.9258
1625.000000	67.517	9.9783
1650.000000	67.607	10.0712
1675.000000	67.695	10.1173
1700.000000	67.796	10.1534
1725.000000	67.909	10.2036
1750.000000	68.030	10.2077
1775.000000	68.158	10.1601
1800.000000	68.288	10.1280
1825.000000	68.415	10.1385
1850.000000	68.542	10.1372
1875.000000	68.671	10.0952
1900.000000	68.795	10.0118
1925.000000	68.919	9.8919
1950.000000	69.049	9.7402
1975.000000	69.184	9.5466
2000.000000	69.322	9.2988
2030.000000	69.489	8.9648
2060.000000	69.665	8.6363
2090.000000	69.852	8.3524
2120.000000	70.035	8.0962
2140.000000	70.151	7.9226
2180.000000	70.381	7.4833
2200.000000	70.499	7.1830
2240.000000	70.750	6.4145
2270.000000	70.946	5.7471
2300.000000	71.139	5.0367
2330.000000	71.332	4.2858
2360.000000	71.526	3.4780
2400.000000	71.784	2.2904
2430.000000	71.974	1.3031
2470.000000	72.230	-0.1676
2500.000000	72.418	-1.4040
2540.000000	72.656	-3.1934
2580.000000	72.872	-5.1075
2620.000000	73.062	-7.1400
2650.000000	73.185	-8.7260
2690.000000	73.323	-10.8981
2720.000000	73.408	-12.5521
2760.000000	73.499	-14.7626
2800.000000	73.563	-16.9425
2850.000000	73.609	-19.6538
2900.000000	73.633	-22.3699
2950.000000	73.642	-24.9529
3000.000000	73.623	-27.4066
3040.000000	73.585	-29.2885
3070.000000	73.545	-30.6188
3110.000000	73.480	-32.2816
3150.000000	73.406	-33.8697
3200.000000	73.318	-35.7610
3250.000000	73.230	-37.5074
3300.000000	73.140	-39.0912
3350.000000	73.052	-40.4910
3400.000000	72.963	-41.7047
3450.000000	72.866	-42.7686
3500.000000	72.768	-43.7318
3550.000000	72.675	-44.6247
3600.000000	72.588	-45.4429
3650.000000	72.510	-46.2005
3700.000000	72.452	-46.9431
3750.000000	72.414	-47.7120
3820.000000	72.380	-48.8302
3870.000000	72.361	-49.6448
3950.000000	72.328	-51.0032
4000.000000	72.303	-51.9134
4060.000000	72.270	-53.0360
4120.000000	72.228	-54.2067
4180.000000	72.167	-55.4510
4250.000000	72.067	-56.9650
4310.000000	71.963	-58.3445
4370.000000	71.849	-59.8397
4440.000000	71.706	-61.7577
4500.000000	71.571	-63.5548
4550.000000	71.445	-65.1495
4620.000000	71.233	-67.4862
4680.000000	71.006	-69.5275
4750.000000	70.674	-71.8495
4820.000000	70.257	-73.9726
4870.000000	69.905	-75.2795
4940.000000	69.347	-76.7002
5000.000000	68.824	-77.4609
5080.000000	68.091	-77.7149
5150.000000	67.439	-77.1716
5220.000000	66.800	-75.9035
5300.000000	66.113	-73.6407
5380.000000	65.503	-70.6990
5450.000000	65.052	-67.7535
5520.000000	64.692	-64.5949
5600.000000	64.397	-60.8712
5700.000000	64.185	-56.3322
5800.000000	64.099	-52.1860
5900.000000	64.106	-48.5381
6000.000000	64.181	-45.3675
6080.000000	64.272	-43.1347
6150.000000	64.360	-41.3783
6220.000000	64.448	-39.7830
6300.000000	64.545	-38.1265
6400.000000	64.665	-36.2617
6500.000000	64.789	-34.5797
6600.000000	64.918	-33.0407
6700.000000	65.059	-31.6228
6800.000000	65.222	-30.3156
6900.000000	65.415	-29.1465
7000.000000	65.650	-28.1423
7100.000000	65.939	-27.3690
7200.000000	66.295	-26.9532
7300.000000	66.719	-27.0835
7400.000000	67.190	-28.0022
7500.000000	67.669	-29.8904
7620.000000	68.162	-33.5011
7750.000000	68.449	-38.6811
7880.000000	68.357	-44.2466
8000.000000	67.937	-48.9116
8120.000000	67.269	-52.6661
8250.000000	66.362	-55.5603
8380.000000	65.360	-57.2895
8500.000000	64.415	-57.9189
8620.000000	63.492	-57.6895
8750.000000	62.543	-56.5817
8850.000000	61.854	-55.2104
9000.000000	60.880	-52.4688
9120.000000	60.151	-49.7909
9250.000000	59.409	-46.4650
9380.000000	58.718	-42.7579
9500.000000	58.131	-39.0622
9620.000000	57.596	-35.1270
9750.000000	57.076	-30.6170
9880.000000	56.617	-25.9003
10000.000000	56.246	-21.4191
10150.000000	55.846	-15.6801
10300.000000	55.514	-9.7600
10440.000000	55.263	-4.0366
10600.000000	55.053	2.7240
10750.000000	54.939	9.2180
10900.000000	54.912	15.8151
11060.000000	54.987	22.9155
11200.000000	55.145	29.1616
11380.000000	55.486	37.1742
11500.000000	55.811	42.4299
11720.000000	56.664	51.7594
11800.000000	57.068	54.9930
12060.000000	58.744	64.3006
12200.000000	59.871	68.0389
12410.000000	61.802	70.8983
12500.000000	62.679	70.8037
12650.000000	64.113	68.5506
12800.000000	65.383	63.5387
13150.000000	66.815	43.0927
13200.000000	66.783	39.6604
13400.000000	66.049	26.3793
13600.000000	64.533	15.7121
13800.000000	62.593	8.9884
14000.000000	60.576	6.2080
14300.000000	57.922	7.6523
14500.000000	56.536	11.0531
14750.000000	55.197	17.0760
15000.000000	54.213	24.5759
15250.000000	53.543	33.1269
15500.000000	53.212	42.1268
15750.000000	53.337	50.6135
16000.000000	54.057	57.0049
16250.000000	55.270	59.4258
16500.000000	56.555	56.8124
16750.000000	57.423	49.7580
17000.000000	57.552	40.4627
17250.000000	56.904	31.8099
17500.000000	55.687	26.0554
17750.000000	54.220	24.1137
18000.000000	52.806	25.7672
18250.000000	51.657	30.1535
18500.000000	50.862	36.1617
18750.000000	50.388	42.7355
19000.000000	50.143	49.1592
19250.000000	50.030	55.0726
19500.000000	49.967	60.1606
19750.000000	49.904	63.9778
20000.000000	49.856	66.0107
