* Measurement data measured by REW V5.31.3
* Source: Microphone (6- USB Sound Device        ), MICROPHONE (Master Volume), L, volume: 0.900
* Format: 256k Log Swept Sine, 1 sweep at -12.0 dBFS with no timing reference
* Dated: 14-Jul-2025 15:41:46
* REW Settings:
*  C-weighting compensation: Off
*  Target level: 75.0 dB
* Note: 
* Measurement: MST2 B L
* Smoothing: 1/12 octave
* Frequency Step: 1/48 octave
* Start Frequency: 20.300 Hz
*
* Freq(Hz)	SPL(dB)	Phase(degrees)
20.299999	71.174	-2.5517
20.600000	71.189	-2.7596
20.900000	71.202	-3.0803
21.200001	71.206	-3.4878
21.400000	71.202	-3.7871
21.799999	71.180	-4.3839
22.000000	71.165	-4.6537
22.400000	71.135	-5.0987
22.700001	71.120	-5.3534
23.000000	71.115	-5.5690
23.299999	71.117	-5.7815
23.600000	71.122	-6.0201
24.000000	71.124	-6.3981
24.299999	71.117	-6.7154
24.700001	71.096	-7.1456
25.000000	71.077	-7.4498
25.400000	71.056	-7.8180
25.799999	71.045	-8.1587
26.200001	71.046	-8.5021
26.500000	71.049	-8.7732
26.900000	71.052	-9.1495
27.200001	71.048	-9.4311
27.600000	71.035	-9.7860
28.000000	71.015	-10.1066
28.500000	70.988	-10.4709
29.000000	70.966	-10.8344
29.500000	70.950	-11.2334
30.000000	70.935	-11.6624
30.400000	70.921	-11.9941
30.700001	70.908	-12.2139
31.100000	70.891	-12.4528
31.500000	70.879	-12.6375
32.000000	70.875	-12.8515
32.500000	70.879	-13.1278
33.000000	70.874	-13.4925
33.500000	70.852	-13.8890
34.000000	70.818	-14.2452
34.500000	70.784	-14.5478
35.000000	70.756	-14.8361
35.500000	70.733	-15.1327
36.000000	70.710	-15.4086
36.500000	70.690	-15.6289
37.000000	70.679	-15.8124
37.500000	70.672	-16.0231
38.200001	70.653	-16.4340
38.700001	70.624	-16.7692
39.500000	70.568	-17.2411
40.000000	70.542	-17.4821
40.599998	70.523	-17.7561
41.200001	70.512	-18.0428
41.799999	70.498	-18.3488
42.500000	70.472	-18.7237
43.099998	70.440	-19.0469
43.700001	70.404	-19.3574
44.400002	70.363	-19.7037
45.000000	70.330	-20.0079
45.500000	70.303	-20.2834
46.200001	70.264	-20.7089
46.799999	70.228	-21.0820
47.500000	70.191	-21.4578
48.200001	70.168	-21.7245
48.700001	70.161	-21.8622
49.400002	70.156	-22.0330
50.000000	70.144	-22.1981
50.799999	70.108	-22.4830
51.500000	70.063	-22.7985
52.200001	70.016	-23.1361
53.000000	69.967	-23.4892
53.799999	69.927	-23.8199
54.500000	69.889	-24.1252
55.200001	69.842	-24.4301
56.000000	69.786	-24.7350
57.000000	69.728	-25.0363
58.000000	69.688	-25.3022
59.000000	69.655	-25.6216
60.000000	69.615	-26.0018
60.799999	69.578	-26.2914
61.500000	69.547	-26.5063
62.200001	69.518	-26.6856
63.000000	69.491	-26.8673
64.000000	69.463	-27.1279
65.000000	69.431	-27.4856
66.000000	69.391	-27.9135
67.000000	69.348	-28.3350
68.000000	69.307	-28.7110
69.000000	69.260	-29.0389
70.000000	69.199	-29.3188
71.000000	69.130	-29.5679
72.000000	69.068	-29.8304
73.000000	69.019	-30.1222
74.000000	68.976	-30.3900
75.000000	68.936	-30.5925
76.199997	68.891	-30.8158
77.500000	68.844	-31.1095
78.800003	68.802	-31.4024
80.000000	68.762	-31.6527
81.199997	68.708	-31.9042
82.500000	68.642	-32.1816
83.800003	68.587	-32.4672
85.000000	68.548	-32.7159
86.199997	68.508	-32.9561
87.500000	68.457	-33.2395
88.500000	68.413	-33.4634
90.000000	68.344	-33.7905
91.199997	68.293	-34.0627
92.500000	68.251	-34.3538
93.800003	68.222	-34.5900
95.000000	68.200	-34.7680
96.199997	68.172	-34.9487
97.500000	68.129	-35.1569
98.800003	68.072	-35.3650
100.000000	68.017	-35.5671
101.500000	67.953	-35.8496
103.000000	67.898	-36.1538
104.400002	67.853	-36.4384
106.000000	67.801	-36.7306
107.500000	67.748	-36.9781
109.000000	67.691	-37.2274
110.599998	67.640	-37.4901
112.000000	67.610	-37.6744
113.800003	67.577	-37.8635
115.000000	67.554	-37.9971
117.199997	67.508	-38.2808
118.000000	67.489	-38.4035
120.599998	67.414	-38.8051
122.000000	67.369	-38.9839
124.099998	67.298	-39.2371
125.000000	67.266	-39.3507
126.500000	67.214	-39.5618
128.000000	67.167	-39.7882
131.500000	67.094	-40.2073
132.000000	67.087	-40.2650
134.000000	67.056	-40.5231
136.000000	67.012	-40.7873
138.000000	66.961	-41.0362
140.000000	66.913	-41.2831
143.000000	66.846	-41.6028
145.000000	66.801	-41.7774
147.500000	66.752	-41.9834
150.000000	66.704	-42.2023
152.500000	66.654	-42.4473
155.000000	66.624	-42.6327
157.500000	66.605	-42.8093
160.000000	66.576	-43.0860
162.500000	66.547	-43.4506
165.000000	66.517	-43.7900
167.500000	66.475	-44.0786
170.000000	66.423	-44.3950
172.500000	66.372	-44.7216
175.000000	66.330	-44.9650
177.500000	66.293	-45.1044
180.000000	66.247	-45.1943
182.500000	66.188	-45.2993
185.000000	66.120	-45.4732
187.500000	66.048	-45.7051
190.000000	65.975	-45.9636
192.500000	65.907	-46.2417
195.000000	65.849	-46.5007
197.500000	65.808	-46.6760
200.000000	65.782	-46.7473
203.000000	65.762	-46.7343
206.000000	65.749	-46.6750
209.000000	65.743	-46.6977
212.000000	65.737	-46.8236
214.000000	65.729	-46.9158
218.000000	65.696	-47.0860
220.000000	65.673	-47.1873
224.000000	65.621	-47.4205
227.000000	65.581	-47.5360
230.000000	65.537	-47.5516
233.000000	65.489	-47.4674
236.000000	65.441	-47.3056
240.000000	65.389	-47.0382
243.000000	65.364	-46.8143
247.000000	65.349	-46.5110
250.000000	65.352	-46.3462
254.000000	65.370	-46.3039
258.000000	65.389	-46.4179
262.000000	65.391	-46.5847
265.000000	65.383	-46.7304
269.000000	65.370	-46.9443
272.000000	65.362	-47.1002
276.000000	65.351	-47.2834
280.000000	65.341	-47.4218
285.000000	65.331	-47.5454
290.000000	65.306	-47.6514
295.000000	65.268	-47.7105
300.000000	65.236	-47.7078
304.000000	65.221	-47.6795
307.000000	65.215	-47.6636
311.000000	65.205	-47.6568
315.000000	65.186	-47.6614
320.000000	65.149	-47.6883
325.000000	65.104	-47.7111
330.000000	65.072	-47.7236
335.000000	65.053	-47.7835
340.000000	65.043	-47.8576
345.000000	65.041	-47.8720
350.000000	65.040	-47.8736
355.000000	65.037	-47.8952
360.000000	65.035	-47.9216
365.000000	65.036	-47.9566
370.000000	65.033	-47.9860
375.000000	65.028	-48.0072
382.000000	65.024	-48.0831
387.000000	65.017	-48.2003
395.000000	65.000	-48.4571
400.000000	64.980	-48.5910
406.000000	64.949	-48.7005
412.000000	64.931	-48.8075
418.000000	64.935	-48.9132
425.000000	64.957	-48.9528
431.000000	64.973	-48.9100
437.000000	64.972	-48.8084
444.000000	64.945	-48.6577
450.000000	64.913	-48.5843
455.000000	64.894	-48.6335
462.000000	64.880	-48.8567
468.000000	64.871	-49.0978
475.000000	64.852	-49.4066
482.000000	64.826	-49.7639
487.000000	64.808	-50.0310
494.000000	64.794	-50.3662
500.000000	64.786	-50.6136
508.000000	64.769	-50.9523
515.000000	64.748	-51.3041
522.000000	64.727	-51.7095
530.000000	64.706	-52.1618
538.000000	64.692	-52.5759
545.000000	64.685	-52.9318
552.000000	64.681	-53.3066
560.000000	64.673	-53.7519
570.000000	64.659	-54.3102
580.000000	64.645	-54.8584
590.000000	64.624	-55.3815
600.000000	64.588	-55.8738
608.000000	64.550	-56.2507
615.000000	64.519	-56.5494
622.000000	64.495	-56.8228
630.000000	64.479	-57.1369
640.000000	64.476	-57.5671
650.000000	64.480	-58.0428
660.000000	64.481	-58.4960
670.000000	64.474	-58.8998
680.000000	64.467	-59.3256
690.000000	64.469	-59.7937
700.000000	64.483	-60.2578
710.000000	64.508	-60.6943
720.000000	64.528	-61.1335
730.000000	64.528	-61.5496
740.000000	64.512	-61.9632
750.000000	64.496	-62.4325
762.000000	64.488	-63.0349
775.000000	64.498	-63.6497
788.000000	64.519	-64.1933
800.000000	64.540	-64.6584
812.000000	64.555	-65.0829
825.000000	64.569	-65.5487
838.000000	64.591	-66.0219
850.000000	64.617	-66.4480
862.000000	64.642	-66.8819
875.000000	64.668	-67.3877
885.000000	64.691	-67.7885
900.000000	64.740	-68.3683
912.000000	64.783	-68.8319
925.000000	64.824	-69.3389
938.000000	64.859	-69.8263
950.000000	64.894	-70.2650
962.000000	64.938	-70.7368
975.000000	64.995	-71.3155
988.000000	65.062	-71.9314
1000.000000	65.124	-72.4913
1015.000000	65.199	-73.1838
1030.000000	65.272	-73.8978
1044.000000	65.337	-74.6115
1060.000000	65.406	-75.5128
1075.000000	65.471	-76.4402
1090.000000	65.537	-77.4225
1106.000000	65.610	-78.4672
1120.000000	65.681	-79.3680
1138.000000	65.776	-80.5618
1150.000000	65.840	-81.3794
1172.000000	65.960	-82.8935
1180.000000	66.004	-83.4350
1206.000000	66.146	-85.1929
1220.000000	66.224	-86.1635
1241.000000	66.346	-87.6330
1250.000000	66.401	-88.2707
1265.000000	66.499	-89.3502
1280.000000	66.606	-90.4396
1315.000000	66.834	-92.9381
1320.000000	66.858	-93.2945
1340.000000	66.927	-94.7442
1360.000000	66.951	-96.2254
1380.000000	66.938	-97.6905
1400.000000	66.911	-99.1234
1430.000000	66.890	-101.2059
1450.000000	66.905	-102.5445
1475.000000	66.958	-104.2456
1500.000000	67.031	-106.0518
1525.000000	67.115	-107.8451
1550.000000	67.212	-109.5954
1575.000000	67.311	-111.3063
1600.000000	67.410	-112.9285
1625.000000	67.513	-114.4799
1650.000000	67.625	-116.0304
1675.000000	67.740	-117.6024
1700.000000	67.847	-119.2141
1725.000000	67.947	-120.8676
1750.000000	68.053	-122.5372
1775.000000	68.168	-124.2009
1800.000000	68.282	-125.8123
1825.000000	68.395	-127.2906
1850.000000	68.511	-128.5116
1875.000000	68.637	-129.3944
1900.000000	68.771	-129.9697
1925.000000	68.902	-130.3577
1950.000000	69.024	-130.6676
1975.000000	69.145	-130.9449
2000.000000	69.275	-131.1929
2030.000000	69.446	-131.4656
2060.000000	69.626	-131.7702
2090.000000	69.809	-132.1354
2120.000000	69.998	-132.5291
2140.000000	70.128	-132.7811
2180.000000	70.390	-133.2733
2200.000000	70.520	-133.5452
2240.000000	70.783	-134.1481
2270.000000	70.989	-134.6071
2300.000000	71.196	-135.0815
2330.000000	71.396	-135.6273
2360.000000	71.584	-136.2656
2400.000000	71.825	-137.2390
2430.000000	72.005	-138.0457
2470.000000	72.247	-139.1865
2500.000000	72.427	-140.0865
2540.000000	72.658	-141.3835
2580.000000	72.868	-142.7920
2620.000000	73.048	-144.2711
2650.000000	73.165	-145.4129
2690.000000	73.302	-146.9587
2720.000000	73.390	-148.1260
2760.000000	73.485	-149.6843
2800.000000	73.554	-151.2255
2850.000000	73.603	-153.0733
2900.000000	73.617	-154.7215
2950.000000	73.604	-156.1541
3000.000000	73.575	-157.4575
3040.000000	73.539	-158.3786
3070.000000	73.502	-158.9773
3110.000000	73.437	-159.6670
3150.000000	73.364	-160.2468
3200.000000	73.275	-160.8157
3250.000000	73.180	-161.2003
3300.000000	73.077	-161.4183
3350.000000	72.974	-161.5049
3400.000000	72.873	-161.4597
3450.000000	72.772	-161.2846
3500.000000	72.672	-160.9799
3550.000000	72.572	-160.5593
3600.000000	72.476	-160.0612
3650.000000	72.391	-159.5109
3700.000000	72.325	-158.9010
3750.000000	72.275	-158.2314
3820.000000	72.222	-157.2359
3870.000000	72.198	-156.4926
3950.000000	72.170	-155.2204
4000.000000	72.152	-154.3945
4060.000000	72.118	-153.3861
4120.000000	72.061	-152.3808
4180.000000	71.981	-151.4126
4250.000000	71.865	-150.3552
4310.000000	71.752	-149.5127
4370.000000	71.638	-148.7475
4440.000000	71.502	-148.0773
4500.000000	71.377	-147.9245
4550.000000	71.262	-148.3251
4620.000000	71.068	-149.9409
4680.000000	70.861	-152.1713
4750.000000	70.563	-155.2880
4820.000000	70.191	-158.5139
4870.000000	69.876	-160.7157
4940.000000	69.366	-163.5043
5000.000000	68.871	-165.5318
5080.000000	68.156	-167.5833
5150.000000	67.509	-168.6934
5220.000000	66.865	-169.1333
5300.000000	66.147	-168.7965
5380.000000	65.474	-167.6430
5450.000000	64.946	-166.0975
5520.000000	64.498	-164.2038
5600.000000	64.108	-161.7975
5700.000000	63.803	-158.7142
5800.000000	63.667	-155.8714
5900.000000	63.656	-153.5226
6000.000000	63.732	-151.7426
6080.000000	63.826	-150.6994
6150.000000	63.915	-150.0137
6220.000000	64.004	-149.4978
6300.000000	64.102	-149.0822
6400.000000	64.221	-148.7642
6500.000000	64.339	-148.6037
6600.000000	64.465	-148.5761
6700.000000	64.611	-148.6854
6800.000000	64.797	-148.9384
6900.000000	65.023	-149.3511
7000.000000	65.284	-149.9032
7100.000000	65.589	-150.6042
7200.000000	65.957	-151.5823
7300.000000	66.405	-153.0308
7400.000000	66.938	-155.1961
7500.000000	67.529	-158.3745
7620.000000	68.212	-163.8217
7750.000000	68.719	-171.6273
7880.000000	68.784	179.3765
8000.000000	68.390	171.1706
8120.000000	67.621	164.0814
8250.000000	66.518	158.2625
8380.000000	65.307	154.3749
8500.000000	64.216	152.1748
8620.000000	63.213	150.9402
8750.000000	62.238	150.3888
8850.000000	61.557	150.3904
9000.000000	60.622	150.8783
9120.000000	59.927	151.5951
9250.000000	59.215	152.7255
9380.000000	58.542	154.2242
9500.000000	57.966	155.8677
9620.000000	57.443	157.7327
9750.000000	56.944	159.9707
9880.000000	56.509	162.3844
10000.000000	56.160	164.7418
10150.000000	55.785	167.8379
10300.000000	55.470	171.0893
10440.000000	55.231	174.2801
10600.000000	55.028	178.1228
10750.000000	54.916	-178.0950
10900.000000	54.895	-174.2002
11060.000000	54.977	-169.9985
11200.000000	55.145	-166.2912
11380.000000	55.516	-161.5068
11500.000000	55.874	-158.4007
11720.000000	56.787	-153.1863
11800.000000	57.208	-151.5293
12060.000000	58.934	-147.5433
12200.000000	60.092	-146.7074
12410.000000	62.060	-148.1582
12500.000000	62.942	-150.0682
12650.000000	64.359	-155.2679
12800.000000	65.580	-163.0694
13150.000000	66.813	171.1103
13200.000000	66.751	167.0905
13400.000000	65.914	151.9429
13600.000000	64.342	139.9256
13800.000000	62.396	131.9374
14000.000000	60.408	127.7111
14300.000000	57.812	126.6898
14500.000000	56.467	128.4257
14750.000000	55.198	132.3433
15000.000000	54.312	137.6367
15250.000000	53.768	143.7978
15500.000000	53.591	150.1259
15750.000000	53.901	155.4541
16000.000000	54.780	157.9601
16250.000000	56.014	155.8907
16500.000000	57.104	148.7799
16750.000000	57.573	138.0930
17000.000000	57.210	126.7830
17250.000000	56.128	117.7644
17500.000000	54.632	112.6689
17750.000000	53.048	112.0774
18000.000000	51.634	116.4695
18250.000000	50.559	126.6046
18500.000000	49.869	142.3166
18750.000000	49.496	161.5541
19000.000000	49.334	-178.0246
19250.000000	49.285	-157.9195
19500.000000	49.268	-139.3774
19750.000000	49.242	-124.3996
20000.000000	49.219	-115.9784
