* Measurement data measured by REW V5.31.3
* Source: Microphone (6- USB Sound Device        ), MICROPHONE (Master Volume), L, volume: 0.900
* Format: 256k Log Swept Sine, 1 sweep at -12.0 dBFS with no timing reference
* Dated: 14-Jul-2025 15:42:24
* REW Settings:
*  C-weighting compensation: Off
*  Target level: 75.0 dB
* Note: 
* Measurement: MST2 B R
* Smoothing: 1/12 octave
* Frequency Step: 1/48 octave
* Start Frequency: 20.300 Hz
*
* Freq(Hz)	SPL(dB)	Phase(degrees)
20.299999	71.055	-3.2257
20.600000	71.041	-3.3710
20.900000	71.023	-3.5358
21.200001	71.004	-3.7015
21.400000	70.993	-3.8176
21.799999	70.979	-4.0905
22.000000	70.977	-4.2582
22.400000	70.979	-4.6666
22.700001	70.984	-5.0291
23.000000	70.988	-5.4217
23.299999	70.991	-5.8241
23.600000	70.990	-6.2181
24.000000	70.984	-6.7109
24.299999	70.977	-7.0523
24.700001	70.965	-7.4766
25.000000	70.955	-7.7793
25.400000	70.941	-8.1714
25.799999	70.927	-8.5535
26.200001	70.911	-8.9215
26.500000	70.898	-9.1830
26.900000	70.881	-9.5050
27.200001	70.868	-9.7233
27.600000	70.852	-9.9844
28.000000	70.839	-10.2201
28.500000	70.826	-10.5056
29.000000	70.815	-10.8155
29.500000	70.804	-11.1717
30.000000	70.793	-11.5708
30.400000	70.783	-11.9079
30.700001	70.777	-12.1643
31.100000	70.769	-12.5058
31.500000	70.762	-12.8434
32.000000	70.752	-13.2558
32.500000	70.738	-13.6506
33.000000	70.719	-14.0226
33.500000	70.696	-14.3764
34.000000	70.675	-14.7238
34.500000	70.655	-15.0713
35.000000	70.636	-15.4102
35.500000	70.617	-15.7231
36.000000	70.599	-16.0026
36.500000	70.583	-16.2619
37.000000	70.571	-16.5273
37.500000	70.559	-16.8176
38.200001	70.540	-17.2593
38.700001	70.523	-17.5742
39.500000	70.490	-18.0309
40.000000	70.462	-18.2765
40.599998	70.423	-18.5362
41.200001	70.383	-18.7868
41.799999	70.355	-19.0803
42.500000	70.336	-19.5268
43.099998	70.324	-19.9757
43.700001	70.310	-20.4136
44.400002	70.286	-20.8309
45.000000	70.261	-21.0927
45.500000	70.239	-21.2613
46.200001	70.211	-21.4741
46.799999	70.195	-21.6907
47.500000	70.176	-22.0221
48.200001	70.148	-22.3863
48.700001	70.121	-22.6062
49.400002	70.081	-22.8239
50.000000	70.050	-22.9707
50.799999	70.008	-23.2124
51.500000	69.963	-23.4751
52.200001	69.913	-23.7302
53.000000	69.860	-23.9893
53.799999	69.822	-24.2745
54.500000	69.797	-24.5886
55.200001	69.772	-24.9407
56.000000	69.736	-25.3207
57.000000	69.682	-25.6918
58.000000	69.628	-25.9757
59.000000	69.583	-26.2618
60.000000	69.546	-26.5880
60.799999	69.516	-26.8768
61.500000	69.487	-27.1355
62.200001	69.453	-27.3709
63.000000	69.414	-27.5903
64.000000	69.369	-27.8059
65.000000	69.325	-27.9899
66.000000	69.286	-28.1830
67.000000	69.255	-28.4261
68.000000	69.229	-28.7263
69.000000	69.192	-29.0456
70.000000	69.138	-29.3150
71.000000	69.079	-29.4975
72.000000	69.030	-29.6123
73.000000	68.994	-29.7209
74.000000	68.966	-29.9005
75.000000	68.938	-30.1696
76.199997	68.897	-30.5199
77.500000	68.847	-30.8282
78.800003	68.794	-31.1118
80.000000	68.742	-31.4434
81.199997	68.687	-31.8387
82.500000	68.625	-32.2602
83.800003	68.563	-32.6183
85.000000	68.512	-32.8917
86.199997	68.467	-33.0978
87.500000	68.421	-33.2604
88.500000	68.389	-33.3954
90.000000	68.347	-33.6576
91.199997	68.316	-33.8890
92.500000	68.275	-34.1426
93.800003	68.224	-34.3969
95.000000	68.166	-34.6178
96.199997	68.102	-34.8181
97.500000	68.034	-35.0276
98.800003	67.981	-35.2473
100.000000	67.946	-35.4564
101.500000	67.911	-35.7156
103.000000	67.872	-35.9563
104.400002	67.829	-36.1654
106.000000	67.784	-36.4253
107.500000	67.750	-36.6697
109.000000	67.720	-36.8753
110.599998	67.682	-37.0524
112.000000	67.643	-37.2042
113.800003	67.589	-37.4272
115.000000	67.553	-37.5842
117.199997	67.485	-37.8790
118.000000	67.459	-37.9816
120.599998	67.372	-38.3001
122.000000	67.333	-38.4664
124.099998	67.289	-38.7012
125.000000	67.272	-38.8090
126.500000	67.243	-39.0009
128.000000	67.210	-39.2040
131.500000	67.105	-39.7347
132.000000	67.090	-39.8000
134.000000	67.035	-40.0197
136.000000	66.991	-40.2143
138.000000	66.945	-40.4121
140.000000	66.890	-40.6371
143.000000	66.804	-41.0353
145.000000	66.755	-41.2974
147.500000	66.702	-41.5719
150.000000	66.653	-41.7936
152.500000	66.604	-42.0406
155.000000	66.564	-42.3578
157.500000	66.541	-42.6187
160.000000	66.521	-42.8242
162.500000	66.492	-43.0545
165.000000	66.454	-43.3319
167.500000	66.411	-43.6168
170.000000	66.364	-43.8940
172.500000	66.321	-44.1412
175.000000	66.284	-44.3405
177.500000	66.251	-44.5063
180.000000	66.218	-44.7255
182.500000	66.178	-45.0670
185.000000	66.122	-45.4561
187.500000	66.055	-45.7871
190.000000	65.992	-46.0315
192.500000	65.934	-46.2186
195.000000	65.876	-46.3911
197.500000	65.822	-46.5580
200.000000	65.777	-46.7138
203.000000	65.742	-46.9117
206.000000	65.728	-47.1235
209.000000	65.721	-47.3188
212.000000	65.710	-47.5446
214.000000	65.701	-47.7399
218.000000	65.671	-48.1986
220.000000	65.648	-48.4215
224.000000	65.592	-48.8167
227.000000	65.547	-49.0720
230.000000	65.509	-49.2767
233.000000	65.477	-49.4008
236.000000	65.440	-49.4419
240.000000	65.389	-49.4288
243.000000	65.362	-49.4085
247.000000	65.359	-49.4141
250.000000	65.372	-49.4747
254.000000	65.393	-49.6587
258.000000	65.406	-50.0050
262.000000	65.409	-50.4992
265.000000	65.407	-50.9082
269.000000	65.395	-51.4380
272.000000	65.380	-51.8143
276.000000	65.358	-52.2949
280.000000	65.339	-52.7471
285.000000	65.310	-53.3089
290.000000	65.268	-53.8653
295.000000	65.222	-54.3208
300.000000	65.185	-54.6668
304.000000	65.164	-54.8516
307.000000	65.152	-54.9493
311.000000	65.139	-55.0776
315.000000	65.123	-55.2443
320.000000	65.102	-55.4903
325.000000	65.084	-55.7450
330.000000	65.068	-55.9506
335.000000	65.057	-56.0361
340.000000	65.055	-56.0336
345.000000	65.054	-56.0530
350.000000	65.050	-56.1140
355.000000	65.039	-56.1611
360.000000	65.027	-56.2049
365.000000	65.019	-56.3087
370.000000	65.015	-56.5052
375.000000	65.011	-56.7608
382.000000	65.001	-57.1367
387.000000	64.990	-57.4184
395.000000	64.967	-57.8044
400.000000	64.958	-57.9478
406.000000	64.958	-58.0356
412.000000	64.958	-58.1401
418.000000	64.954	-58.3434
425.000000	64.945	-58.6774
431.000000	64.938	-58.9681
437.000000	64.926	-59.1698
444.000000	64.894	-59.2928
450.000000	64.853	-59.3728
455.000000	64.825	-59.4663
462.000000	64.806	-59.6294
468.000000	64.800	-59.7624
475.000000	64.790	-59.9091
482.000000	64.767	-60.0606
487.000000	64.745	-60.1841
494.000000	64.716	-60.3875
500.000000	64.701	-60.5702
508.000000	64.694	-60.7384
515.000000	64.696	-60.8002
522.000000	64.697	-60.8514
530.000000	64.693	-60.9657
538.000000	64.684	-61.0943
545.000000	64.675	-61.1517
552.000000	64.664	-61.1538
560.000000	64.650	-61.1567
570.000000	64.633	-61.2346
580.000000	64.616	-61.3254
590.000000	64.601	-61.3313
600.000000	64.586	-61.3115
608.000000	64.572	-61.3393
615.000000	64.561	-61.3565
622.000000	64.551	-61.3254
630.000000	64.544	-61.2600
640.000000	64.537	-61.2004
650.000000	64.529	-61.1198
660.000000	64.523	-60.9657
670.000000	64.523	-60.7963
680.000000	64.525	-60.6503
690.000000	64.529	-60.4884
700.000000	64.533	-60.3190
710.000000	64.533	-60.2032
720.000000	64.533	-60.1564
730.000000	64.535	-60.1748
740.000000	64.538	-60.2856
750.000000	64.535	-60.5074
762.000000	64.524	-60.8794
775.000000	64.519	-61.3889
788.000000	64.531	-61.9955
800.000000	64.550	-62.5622
812.000000	64.566	-63.0225
825.000000	64.580	-63.4009
838.000000	64.591	-63.7410
850.000000	64.606	-64.0786
862.000000	64.630	-64.4726
875.000000	64.669	-64.9572
885.000000	64.702	-65.3485
900.000000	64.752	-65.9442
912.000000	64.788	-66.4175
925.000000	64.819	-66.9285
938.000000	64.851	-67.4246
950.000000	64.884	-67.8431
962.000000	64.921	-68.2429
975.000000	64.965	-68.7292
988.000000	65.011	-69.2814
1000.000000	65.058	-69.7972
1015.000000	65.126	-70.4450
1030.000000	65.201	-71.1486
1044.000000	65.277	-71.8514
1060.000000	65.369	-72.6926
1075.000000	65.457	-73.5328
1090.000000	65.535	-74.4044
1106.000000	65.616	-75.3506
1120.000000	65.694	-76.2289
1138.000000	65.799	-77.4651
1150.000000	65.863	-78.3059
1172.000000	65.962	-79.7686
1180.000000	65.994	-80.2841
1206.000000	66.114	-81.9887
1220.000000	66.195	-82.9418
1241.000000	66.333	-84.3873
1250.000000	66.396	-85.0030
1265.000000	66.506	-86.0275
1280.000000	66.617	-87.0597
1315.000000	66.844	-89.5101
1320.000000	66.869	-89.8638
1340.000000	66.937	-91.2881
1360.000000	66.953	-92.7179
1380.000000	66.929	-94.1140
1400.000000	66.895	-95.4406
1430.000000	66.878	-97.4259
1450.000000	66.897	-98.8026
1475.000000	66.944	-100.4899
1500.000000	67.014	-102.1745
1525.000000	67.100	-103.8299
1550.000000	67.195	-105.3518
1575.000000	67.296	-106.8720
1600.000000	67.404	-108.4861
1625.000000	67.516	-110.1759
1650.000000	67.622	-111.8363
1675.000000	67.732	-113.3921
1700.000000	67.852	-114.9029
1725.000000	67.968	-116.4483
1750.000000	68.078	-118.0346
1775.000000	68.186	-119.5947
1800.000000	68.293	-121.1396
1825.000000	68.405	-122.7245
1850.000000	68.526	-124.3340
1875.000000	68.653	-125.9590
1900.000000	68.784	-127.5934
1925.000000	68.915	-129.1979
1950.000000	69.048	-130.7909
1975.000000	69.182	-132.4288
2000.000000	69.316	-134.1196
2030.000000	69.477	-136.1761
2060.000000	69.644	-138.2827
2090.000000	69.825	-140.4722
2120.000000	70.015	-142.7555
2140.000000	70.141	-144.3111
2180.000000	70.385	-147.4754
2200.000000	70.505	-149.0836
2240.000000	70.758	-152.3049
2270.000000	70.963	-154.7884
2300.000000	71.172	-157.3833
2330.000000	71.375	-160.0649
2360.000000	71.568	-162.7791
2400.000000	71.815	-166.4452
2430.000000	72.001	-169.2778
2470.000000	72.253	-173.2090
2500.000000	72.437	-176.2736
2540.000000	72.664	179.5118
2580.000000	72.866	175.1620
2620.000000	73.046	170.7020
2650.000000	73.167	167.3130
2690.000000	73.306	162.7506
2720.000000	73.393	159.2762
2760.000000	73.489	154.5819
2800.000000	73.561	149.9452
2850.000000	73.612	144.4634
2900.000000	73.620	139.5874
2950.000000	73.605	135.5827
3000.000000	73.569	132.4533
3040.000000	73.522	130.3881
3070.000000	73.477	129.0315
3110.000000	73.407	127.4330
3150.000000	73.334	125.9966
3200.000000	73.247	124.3050
3250.000000	73.165	122.7140
3300.000000	73.084	121.3098
3350.000000	72.996	120.0844
3400.000000	72.901	118.9883
3450.000000	72.804	118.0092
3500.000000	72.708	117.1403
3550.000000	72.613	116.3649
3600.000000	72.522	115.6559
3650.000000	72.440	114.9986
3700.000000	72.365	114.4125
3750.000000	72.301	113.9396
3820.000000	72.240	113.3822
3870.000000	72.211	112.9708
3950.000000	72.170	112.2590
4000.000000	72.145	111.8226
4060.000000	72.106	111.3240
4120.000000	72.048	110.8261
4180.000000	71.971	110.3385
4250.000000	71.862	109.7842
4310.000000	71.757	109.3036
4370.000000	71.642	108.7944
4440.000000	71.494	108.1197
4500.000000	71.357	107.4601
4550.000000	71.235	106.8598
4620.000000	71.043	105.9590
4680.000000	70.845	105.1685
4750.000000	70.557	104.3005
4820.000000	70.194	103.5865
4870.000000	69.886	103.2447
4940.000000	69.392	103.1312
5000.000000	68.917	103.4783
5080.000000	68.223	104.6977
5150.000000	67.586	106.5136
5220.000000	66.950	109.0042
5300.000000	66.252	112.6655
5380.000000	65.603	117.1774
5450.000000	65.093	121.7625
5520.000000	64.663	126.8040
5600.000000	64.285	132.9061
5700.000000	63.981	140.6916
5800.000000	63.847	148.3086
5900.000000	63.846	155.5419
6000.000000	63.929	162.3336
6080.000000	64.024	167.4662
6150.000000	64.115	171.7681
6220.000000	64.207	175.9205
6300.000000	64.310	-179.4687
6400.000000	64.432	-173.8248
6500.000000	64.558	-168.2691
6600.000000	64.698	-162.7857
6700.000000	64.857	-157.3518
6800.000000	65.040	-152.0207
6900.000000	65.257	-146.8911
7000.000000	65.518	-142.2245
7100.000000	65.836	-138.6049
7200.000000	66.220	-136.6999
7300.000000	66.683	-136.6971
7400.000000	67.225	-138.3327
7500.000000	67.809	-141.4258
7620.000000	68.455	-146.9865
7750.000000	68.892	-154.8937
7880.000000	68.866	-163.7416
8000.000000	68.386	-171.5419
8120.000000	67.550	-178.0467
8250.000000	66.399	176.8569
8380.000000	65.171	173.6902
8500.000000	64.084	172.1077
8620.000000	63.089	171.4547
8750.000000	62.122	171.4729
8850.000000	61.450	171.8640
9000.000000	60.529	172.9423
9120.000000	59.848	174.1423
9250.000000	59.151	175.6994
9380.000000	58.496	177.5064
9500.000000	57.937	179.4073
9620.000000	57.430	-178.4743
9750.000000	56.939	-175.9473
9880.000000	56.503	-173.2180
10000.000000	56.152	-170.5632
10150.000000	55.783	-167.0834
10300.000000	55.487	-163.4229
10440.000000	55.267	-159.8347
10600.000000	55.082	-155.5467
10750.000000	54.983	-151.3867
10900.000000	54.970	-147.1438
11060.000000	55.065	-142.5640
11200.000000	55.249	-138.5271
11380.000000	55.636	-133.3310
11500.000000	55.999	-129.9160
11720.000000	56.931	-124.0991
11800.000000	57.366	-122.2391
12060.000000	59.148	-117.6795
12200.000000	60.338	-116.6194
12410.000000	62.347	-117.9139
12500.000000	63.238	-119.8190
12650.000000	64.656	-125.0686
12800.000000	65.852	-132.9493
13150.000000	66.919	-158.6261
13200.000000	66.826	-162.5380
13400.000000	65.871	-177.0080
13600.000000	64.208	171.9104
13800.000000	62.211	164.9099
14000.000000	60.217	161.6331
14300.000000	57.682	161.8954
14500.000000	56.395	164.3279
14750.000000	55.194	168.9971
15000.000000	54.373	174.9865
15250.000000	53.894	-178.2301
15500.000000	53.772	-171.3845
15750.000000	54.114	-165.6162
16000.000000	55.009	-162.7808
16250.000000	56.242	-164.6978
16500.000000	57.303	-171.6860
16750.000000	57.710	177.9247
17000.000000	57.276	167.1551
17250.000000	56.143	158.8651
17500.000000	54.629	154.4715
17750.000000	53.060	153.9623
18000.000000	51.687	156.5273
18250.000000	50.654	161.1310
18500.000000	49.993	166.8261
18750.000000	49.651	172.8050
19000.000000	49.532	178.4492
19250.000000	49.533	-176.5937
19500.000000	49.559	-172.5389
19750.000000	49.554	-169.6360
20000.000000	49.532	-168.1479
