* Measurement data measured by REW V5.31.1
* Source: Microphone (4- USB Audio Device), MICROPHONE (Master Volume), R, volume: 0.250
* Format: 256k Log Swept Sine, 1 sweep at -12.0 dBFS with no timing reference
* Dated: Jun 28, 2024, 11:21:40 AM
* REW Settings:
*  C-weighting compensation: Off
*  Target level: 75.0 dB
* Note: 
* Measurement: QCY Melobuds Pro
* Smoothing: 1/24 octave
* Frequency Step: 1/48 octave
* Start Frequency: 20.300 Hz
*
* Freq(Hz)	SPL(dB)	Phase(degrees)
20.299999	74.846	178.2903
20.600000	75.065	176.8642
20.900000	75.312	175.2152
21.200001	75.563	173.4328
21.400000	75.731	172.1787
21.799999	76.071	169.5481
22.000000	76.244	168.1932
22.400000	76.597	165.4611
22.700001	76.866	163.4341
23.000000	77.137	161.4577
23.299999	77.404	159.5515
23.600000	77.664	157.7271
24.000000	77.991	155.4257
24.299999	78.220	153.7888
24.700001	78.502	151.6958
25.000000	78.696	150.1676
25.400000	78.938	148.1479
25.799999	79.163	146.1188
26.200001	79.378	144.0670
26.500000	79.535	142.5168
26.900000	79.740	140.4491
27.200001	79.890	138.9089
27.600000	80.086	136.8833
28.000000	80.273	134.8969
28.500000	80.493	132.4657
29.000000	80.700	130.0726
29.500000	80.898	127.6946
30.000000	81.095	125.3198
30.400000	81.257	123.4252
30.700001	81.381	122.0131
31.100000	81.546	120.1527
31.500000	81.707	118.3316
32.000000	81.895	116.1312
32.500000	82.065	114.0246
33.000000	82.218	111.9935
33.500000	82.362	109.9950
34.000000	82.500	107.9892
34.500000	82.632	105.9690
35.000000	82.756	103.9634
35.500000	82.870	102.0143
36.000000	82.973	100.1462
36.500000	83.067	98.3483
37.000000	83.157	96.5779
37.500000	83.244	94.7822
38.200001	83.357	92.1846
38.700001	83.430	90.3140
39.500000	83.539	87.4492
40.000000	83.612	85.7645
40.599998	83.705	83.7975
41.200001	83.794	81.8522
41.799999	83.869	79.9533
42.500000	83.943	77.8375
43.099998	84.003	76.0878
43.700001	84.057	74.3692
44.400002	84.112	72.4167
45.000000	84.158	70.7959
45.500000	84.197	69.4585
46.200001	84.247	67.5668
46.799999	84.279	65.9435
47.500000	84.308	64.1144
48.200001	84.342	62.3762
48.700001	84.373	61.1611
49.400002	84.415	59.4606
50.000000	84.435	58.0171
50.799999	84.440	56.1725
51.500000	84.440	54.6272
52.200001	84.451	53.0786
53.000000	84.465	51.2910
53.799999	84.466	49.5903
54.500000	84.462	48.2092
55.200001	84.462	46.8372
56.000000	84.465	45.1814
57.000000	84.454	43.0816
58.000000	84.432	41.1614
59.000000	84.412	39.4132
60.000000	84.405	37.7042
60.799999	84.405	36.3007
61.500000	84.401	35.0569
62.200001	84.388	33.8420
63.000000	84.368	32.5188
64.000000	84.339	30.9385
65.000000	84.308	29.4097
66.000000	84.278	27.9531
67.000000	84.252	26.5281
68.000000	84.220	25.0477
69.000000	84.176	23.5770
70.000000	84.132	22.1663
71.000000	84.087	20.8186
72.000000	84.046	19.5607
73.000000	84.011	18.2918
74.000000	83.970	16.9708
75.000000	83.919	15.6794
76.199997	83.856	14.2142
77.500000	83.792	12.6380
78.800003	83.727	11.0980
80.000000	83.662	9.7471
81.199997	83.580	8.4516
82.500000	83.485	7.0125
83.800003	83.403	5.6118
85.000000	83.341	4.4008
86.199997	83.271	3.2109
87.500000	83.191	1.8893
88.500000	83.127	0.8429
90.000000	83.025	-0.6024
91.199997	82.943	-1.6332
92.500000	82.853	-2.7347
93.800003	82.759	-3.8186
95.000000	82.666	-4.7767
96.199997	82.576	-5.6947
97.500000	82.493	-6.7241
98.800003	82.408	-7.7969
100.000000	82.310	-8.7351
101.500000	82.182	-9.7590
103.000000	82.077	-10.7319
104.400002	81.978	-11.6781
106.000000	81.831	-12.7495
107.500000	81.684	-13.8133
109.000000	81.563	-14.8618
110.599998	81.440	-15.7378
112.000000	81.321	-16.3718
113.800003	81.173	-17.3726
115.000000	81.074	-18.1323
117.199997	80.890	-19.3511
118.000000	80.824	-19.7330
120.599998	80.614	-20.9060
122.000000	80.491	-21.5255
124.099998	80.281	-22.3417
125.000000	80.187	-22.6224
126.500000	80.042	-23.0444
128.000000	79.909	-23.4489
131.500000	79.607	-24.5985
132.000000	79.562	-24.7449
134.000000	79.393	-25.2649
136.000000	79.233	-25.9090
138.000000	79.065	-26.5331
140.000000	78.893	-27.0221
143.000000	78.630	-27.7632
145.000000	78.427	-28.2670
147.500000	78.187	-28.7105
150.000000	77.964	-29.0436
152.500000	77.729	-29.4484
155.000000	77.468	-29.7495
157.500000	77.213	-29.8951
160.000000	76.989	-29.9991
162.500000	76.783	-30.0805
165.000000	76.568	-30.1754
167.500000	76.326	-30.1837
170.000000	76.077	-30.0624
172.500000	75.844	-29.8448
175.000000	75.619	-29.4488
177.500000	75.387	-28.9925
180.000000	75.154	-28.5730
182.500000	74.938	-28.0474
185.000000	74.719	-27.3238
187.500000	74.502	-26.5577
190.000000	74.310	-25.7873
192.500000	74.136	-24.9182
195.000000	73.973	-23.9533
197.500000	73.820	-22.8897
200.000000	73.673	-21.8466
203.000000	73.505	-20.6828
206.000000	73.351	-19.5021
209.000000	73.218	-18.3184
212.000000	73.101	-17.0304
214.000000	73.034	-16.0935
218.000000	72.935	-14.1537
220.000000	72.899	-13.2215
224.000000	72.838	-11.4262
227.000000	72.800	-10.1185
230.000000	72.780	-8.7863
233.000000	72.773	-7.3324
236.000000	72.773	-5.8696
240.000000	72.778	-4.0807
243.000000	72.792	-2.9148
247.000000	72.811	-1.4043
250.000000	72.826	-0.3209
254.000000	72.853	1.0353
258.000000	72.888	2.4095
262.000000	72.937	3.8992
265.000000	72.978	4.9073
269.000000	73.056	6.0819
272.000000	73.129	6.9366
276.000000	73.220	8.0446
280.000000	73.296	9.1272
285.000000	73.401	10.4942
290.000000	73.531	11.8357
295.000000	73.703	13.0894
300.000000	73.900	13.9500
304.000000	74.057	14.3863
307.000000	74.158	14.5922
311.000000	74.265	14.7573
315.000000	74.343	14.8334
320.000000	74.422	14.8771
325.000000	74.501	15.0454
330.000000	74.586	15.2810
335.000000	74.663	15.4346
340.000000	74.735	15.6772
345.000000	74.799	15.9251
350.000000	74.847	16.1429
355.000000	74.898	16.3240
360.000000	74.949	16.3151
365.000000	74.975	16.2416
370.000000	75.000	16.2627
375.000000	75.035	16.3653
382.000000	75.089	16.4899
387.000000	75.134	16.5431
395.000000	75.191	16.9034
400.000000	75.218	17.2636
406.000000	75.255	17.4891
412.000000	75.291	17.6203
418.000000	75.330	17.8221
425.000000	75.385	18.1039
431.000000	75.431	18.2381
437.000000	75.456	18.3160
444.000000	75.482	18.5645
450.000000	75.501	18.8958
455.000000	75.503	19.1276
462.000000	75.496	19.3794
468.000000	75.496	19.5562
475.000000	75.511	19.7299
482.000000	75.521	19.9658
487.000000	75.522	20.1364
494.000000	75.538	20.2739
500.000000	75.567	20.3500
508.000000	75.593	20.5048
515.000000	75.597	20.6682
522.000000	75.593	20.8391
530.000000	75.590	21.0346
538.000000	75.590	21.1292
545.000000	75.583	21.2091
552.000000	75.566	21.2649
560.000000	75.548	21.3919
570.000000	75.517	21.7543
580.000000	75.495	22.2004
590.000000	75.491	22.6877
600.000000	75.491	23.3805
608.000000	75.476	23.8390
615.000000	75.448	24.0936
622.000000	75.421	24.2759
630.000000	75.398	24.4223
640.000000	75.357	24.7261
650.000000	75.325	25.2596
660.000000	75.294	25.7472
670.000000	75.224	26.2504
680.000000	75.182	26.8722
690.000000	75.174	27.4420
700.000000	75.164	27.9808
710.000000	75.131	28.8510
720.000000	75.089	29.8195
730.000000	75.056	30.6962
740.000000	75.031	31.4712
750.000000	74.999	32.2009
762.000000	74.953	33.2576
775.000000	74.900	34.5418
788.000000	74.877	35.8409
800.000000	74.872	37.2190
812.000000	74.864	38.5636
825.000000	74.841	39.7554
838.000000	74.827	40.8816
850.000000	74.840	42.0721
862.000000	74.875	43.3439
875.000000	74.919	44.7989
885.000000	74.948	46.0002
900.000000	75.007	47.7886
912.000000	75.065	49.1257
925.000000	75.134	50.5107
938.000000	75.202	51.7674
950.000000	75.280	52.9293
962.000000	75.374	54.2000
975.000000	75.474	55.4918
988.000000	75.573	56.6476
1000.000000	75.669	57.5901
1015.000000	75.809	58.6355
1030.000000	75.952	59.5532
1044.000000	76.068	60.2956
1060.000000	76.217	61.2138
1075.000000	76.377	62.1096
1090.000000	76.518	63.0788
1106.000000	76.659	64.1220
1120.000000	76.800	65.0604
1138.000000	76.996	66.2195
1150.000000	77.110	66.8385
1172.000000	77.313	67.8532
1180.000000	77.384	68.3206
1206.000000	77.603	70.0030
1220.000000	77.711	70.8307
1241.000000	77.864	72.0567
1250.000000	77.926	72.5977
1265.000000	78.029	73.5246
1280.000000	78.135	74.4963
1315.000000	78.358	76.7848
1320.000000	78.386	77.1159
1340.000000	78.500	78.4851
1360.000000	78.617	79.9520
1380.000000	78.735	81.4969
1400.000000	78.844	82.8789
1430.000000	78.972	84.4954
1450.000000	79.053	85.5144
1475.000000	79.185	86.7076
1500.000000	79.282	87.8809
1525.000000	79.379	89.3375
1550.000000	79.527	91.1239
1575.000000	79.674	93.0994
1600.000000	79.807	94.9154
1625.000000	79.933	96.4150
1650.000000	80.050	97.7438
1675.000000	80.194	98.8099
1700.000000	80.336	99.7276
1725.000000	80.423	100.4978
1750.000000	80.519	101.1454
1775.000000	80.618	101.8662
1800.000000	80.734	102.6560
1825.000000	80.886	103.6365
1850.000000	81.040	104.7252
1875.000000	81.179	105.8901
1900.000000	81.318	107.0984
1925.000000	81.457	108.3050
1950.000000	81.595	109.5354
1975.000000	81.732	110.5855
2000.000000	81.857	111.2938
2030.000000	82.000	111.8347
2060.000000	82.158	112.3027
2090.000000	82.323	112.7863
2120.000000	82.486	113.2738
2140.000000	82.589	113.6060
2180.000000	82.799	114.5146
2200.000000	82.912	115.0033
2240.000000	83.146	115.9088
2270.000000	83.300	116.4383
2300.000000	83.438	116.7566
2330.000000	83.585	116.9504
2360.000000	83.727	117.1125
2400.000000	83.911	117.4420
2430.000000	84.056	117.9639
2470.000000	84.248	118.9471
2500.000000	84.385	119.8341
2540.000000	84.582	121.1756
2580.000000	84.768	122.4808
2620.000000	84.946	123.7185
2650.000000	85.086	124.5003
2690.000000	85.250	125.2583
2720.000000	85.354	125.7403
2760.000000	85.483	126.6577
2800.000000	85.626	127.8717
2850.000000	85.809	129.2508
2900.000000	85.971	130.3673
2950.000000	86.093	131.4309
3000.000000	86.202	131.8884
3040.000000	86.240	132.0745
3070.000000	86.266	132.2687
3110.000000	86.305	132.7402
3150.000000	86.324	133.3842
3200.000000	86.341	134.4058
3250.000000	86.326	135.5658
3300.000000	86.290	136.8536
3350.000000	86.260	138.3957
3400.000000	86.211	139.9806
3450.000000	86.160	141.4900
3500.000000	86.090	142.8043
3550.000000	86.005	143.9145
3600.000000	85.936	144.9852
3650.000000	85.864	145.9556
3700.000000	85.771	146.9139
3750.000000	85.683	148.1799
3820.000000	85.579	150.2905
3870.000000	85.496	151.9175
3950.000000	85.355	155.2904
4000.000000	85.279	157.7498
4060.000000	85.202	160.7832
4120.000000	85.152	163.9114
4180.000000	85.094	167.1951
4250.000000	85.058	171.1757
4310.000000	85.040	174.3619
4370.000000	85.033	177.2912
4440.000000	85.043	-179.3558
4500.000000	85.077	-176.2870
4550.000000	85.129	-173.5289
4620.000000	85.227	-170.0131
4680.000000	85.318	-167.8448
4750.000000	85.457	-166.2744
4820.000000	85.613	-165.5778
4870.000000	85.731	-165.4979
4940.000000	85.897	-165.7394
5000.000000	86.053	-166.0795
5080.000000	86.225	-166.8051
5150.000000	86.334	-167.7245
5220.000000	86.409	-168.9002
5300.000000	86.380	-171.0435
5380.000000	86.234	-173.6797
5450.000000	86.011	-175.8967
5520.000000	85.713	-177.6850
5600.000000	85.304	-179.4071
5700.000000	84.719	178.7348
5800.000000	84.104	178.2661
5900.000000	83.528	179.8112
6000.000000	82.990	-177.6082
6080.000000	82.606	-175.3364
6150.000000	82.299	-173.3971
6220.000000	82.016	-171.6608
6300.000000	81.712	-169.8620
6400.000000	81.392	-166.8731
6500.000000	81.165	-162.2424
6600.000000	80.997	-157.1836
6700.000000	80.903	-152.8680
6800.000000	80.857	-149.8185
6900.000000	80.887	-147.3191
7000.000000	81.024	-144.7336
7100.000000	81.238	-142.3465
7200.000000	81.561	-140.1301
7300.000000	81.977	-138.5103
7400.000000	82.463	-137.9969
7500.000000	83.016	-138.7057
7620.000000	83.742	-142.0389
7750.000000	84.465	-149.2281
7880.000000	84.950	-158.5906
8000.000000	85.000	-168.4148
8120.000000	84.511	-178.7095
8250.000000	83.431	171.5423
8380.000000	81.941	163.7375
8500.000000	80.411	159.0441
8620.000000	78.910	157.3391
8750.000000	77.352	157.0628
8850.000000	76.221	157.1015
9000.000000	74.681	157.9775
9120.000000	73.568	159.8461
9250.000000	72.484	162.4720
9380.000000	71.498	164.3267
9500.000000	70.667	165.3711
9620.000000	69.915	166.4745
9750.000000	69.186	168.3433
9880.000000	68.523	170.7429
10000.000000	67.954	173.2831
10150.000000	67.331	177.2815
10300.000000	66.754	-179.2357
10440.000000	66.234	-176.8200
10600.000000	65.697	-173.4482
10750.000000	65.265	-169.3330
10900.000000	64.888	-165.3796
11060.000000	64.597	-161.2137
11200.000000	64.411	-158.4380
11380.000000	64.255	-156.7639
11500.000000	64.217	-155.7570
11720.000000	64.290	-153.0347
11800.000000	64.351	-151.7394
12060.000000	64.699	-145.4733
12200.000000	64.979	-141.3869
12410.000000	65.502	-135.9977
12500.000000	65.792	-133.6369
12650.000000	66.368	-129.7031
12800.000000	67.065	-126.2585
13150.000000	69.387	-122.2051
13200.000000	69.809	-122.4404
13400.000000	71.716	-126.0163
13600.000000	73.707	-135.5762
13800.000000	75.159	-152.2588
14000.000000	75.427	-173.4001
14300.000000	73.412	159.2088
14500.000000	71.242	148.0941
14750.000000	68.571	140.1789
15000.000000	66.348	136.8606
15250.000000	64.598	136.2574
15500.000000	63.226	134.9326
15750.000000	62.048	131.6668
16000.000000	60.823	127.5155
16250.000000	59.523	124.8532
16500.000000	58.071	123.0646
16750.000000	56.483	120.1482
17000.000000	54.886	116.6333
17250.000000	53.298	113.9824
17500.000000	51.496	110.8784
17750.000000	49.118	105.0126
18000.000000	45.889	92.7135
18250.000000	42.816	48.3625
18500.000000	43.461	-35.9124
18750.000000	46.195	-57.6315
19000.000000	48.481	-67.8733
19250.000000	50.200	-76.5261
19500.000000	51.332	-83.4501
19750.000000	51.322	-89.9263
20000.000000	51.079	-95.0427
