* Measurement data measured by REW V5.31.3
* Source: Microphone (USB Sound Device        ), MICROPHONE (Master Volume), L, volume: 0.250
* Format: 256k Log Swept Sine, 1 sweep at -12.0 dBFS with no timing reference
* Dated: 18-Jan-2025 14:41:01
* REW Settings:
*  C-weighting compensation: Off
*  Target level: 75.0 dB
* Note: 
* Measurement: Realme BA6P DB5 R
* Smoothing: 1/12 octave
* Frequency Step: 1/48 octave
* Start Frequency: 20.300 Hz
*
* Freq(Hz)	SPL(dB)	Phase(degrees)
20.299999	80.198	-10.6848
20.600000	80.239	-11.1240
20.900000	80.290	-11.8484
21.200001	80.330	-12.8633
21.400000	80.339	-13.6721
21.799999	80.293	-15.4236
22.000000	80.239	-16.2629
22.400000	80.098	-17.6502
22.700001	79.994	-18.3635
23.000000	79.926	-18.8554
23.299999	79.908	-19.2795
23.600000	79.939	-19.8208
24.000000	80.023	-20.9684
24.299999	80.088	-22.2113
24.700001	80.140	-24.3027
25.000000	80.143	-26.0779
25.400000	80.102	-28.5196
25.799999	80.033	-30.8524
26.200001	79.969	-32.9278
26.500000	79.945	-34.2703
26.900000	79.968	-35.7680
27.200001	80.033	-36.6939
27.600000	80.182	-37.7226
28.000000	80.387	-38.5972
28.500000	80.684	-39.6187
29.000000	80.974	-40.7266
29.500000	81.209	-42.0637
30.000000	81.363	-43.7072
30.400000	81.428	-45.2514
30.700001	81.450	-46.5349
31.100000	81.460	-48.3921
31.500000	81.461	-50.3763
32.000000	81.461	-52.9231
32.500000	81.458	-55.3592
33.000000	81.444	-57.4978
33.500000	81.416	-59.2755
34.000000	81.375	-60.7974
34.500000	81.320	-62.2480
35.000000	81.247	-63.7398
35.500000	81.159	-65.2464
36.000000	81.073	-66.6759
36.500000	81.010	-67.9915
37.000000	80.970	-69.2513
37.500000	80.937	-70.5406
38.200001	80.857	-72.4329
38.700001	80.768	-73.7854
39.500000	80.610	-75.8932
40.000000	80.526	-77.2661
40.599998	80.443	-79.1278
41.200001	80.367	-81.3082
41.799999	80.289	-83.7780
42.500000	80.207	-86.8559
43.099998	80.167	-89.4725
43.700001	80.176	-91.9254
44.400002	80.257	-94.5153
45.000000	80.371	-96.5289
45.500000	80.475	-98.0778
46.200001	80.595	-100.0156
46.799999	80.652	-101.4217
47.500000	80.649	-102.8059
48.200001	80.577	-104.1137
48.700001	80.498	-105.1669
49.400002	80.382	-106.9955
50.000000	80.315	-108.9285
50.799999	80.312	-111.7811
51.500000	80.376	-114.1445
52.200001	80.444	-116.1198
53.000000	80.456	-118.0034
53.799999	80.384	-119.9732
54.500000	80.285	-122.0987
55.200001	80.193	-124.5080
56.000000	80.115	-127.1413
57.000000	80.029	-129.7910
58.000000	79.904	-132.0795
59.000000	79.761	-134.5692
60.000000	79.635	-137.1107
60.799999	79.538	-138.9020
61.500000	79.445	-140.3138
62.200001	79.345	-141.7003
63.000000	79.233	-143.3039
64.000000	79.109	-145.2572
65.000000	78.990	-147.1701
66.000000	78.848	-149.1814
67.000000	78.687	-151.2818
68.000000	78.519	-153.3866
69.000000	78.341	-155.5342
70.000000	78.155	-157.8215
71.000000	77.983	-160.2863
72.000000	77.847	-162.9047
73.000000	77.752	-165.5922
74.000000	77.691	-168.1906
75.000000	77.651	-170.5432
76.199997	77.604	-172.9740
77.500000	77.505	-175.2153
78.800003	77.340	-177.3154
80.000000	77.166	-179.4732
81.199997	77.025	178.0206
82.500000	76.923	175.1636
83.800003	76.832	172.5937
85.000000	76.712	170.5859
86.199997	76.564	168.6339
87.500000	76.417	166.2954
88.500000	76.326	164.4437
90.000000	76.185	161.8065
91.199997	76.049	159.6619
92.500000	75.901	157.2580
93.800003	75.766	155.0193
95.000000	75.639	153.0997
96.199997	75.517	151.1281
97.500000	75.396	148.9452
98.800003	75.273	146.8241
100.000000	75.145	144.9182
101.500000	74.976	142.6276
103.000000	74.810	140.4426
104.400002	74.665	138.3883
106.000000	74.512	136.0396
107.500000	74.374	133.9193
109.000000	74.238	131.8997
110.599998	74.090	129.8318
112.000000	73.957	128.0469
113.800003	73.778	125.7585
115.000000	73.648	124.2593
117.199997	73.393	121.5852
118.000000	73.298	120.6157
120.599998	72.994	117.3252
122.000000	72.847	115.4636
124.099998	72.663	112.6202
125.000000	72.598	111.4268
126.500000	72.504	109.5273
128.000000	72.413	107.7495
131.500000	72.171	103.7518
132.000000	72.134	103.1455
134.000000	71.992	100.6335
136.000000	71.865	98.1783
138.000000	71.728	95.9344
140.000000	71.584	93.7762
143.000000	71.408	90.4357
145.000000	71.297	88.2226
147.500000	71.163	85.4477
150.000000	71.049	82.7178
152.500000	70.937	80.1382
155.000000	70.830	77.6986
157.500000	70.728	75.1956
160.000000	70.625	72.5856
162.500000	70.517	70.0071
165.000000	70.419	67.5045
167.500000	70.340	65.0302
170.000000	70.272	62.5482
172.500000	70.206	60.0374
175.000000	70.143	57.5111
177.500000	70.084	55.0133
180.000000	70.028	52.5563
182.500000	69.976	50.1464
185.000000	69.927	47.7256
187.500000	69.877	45.2519
190.000000	69.825	42.7398
192.500000	69.776	40.2105
195.000000	69.738	37.7098
197.500000	69.714	35.2378
200.000000	69.698	32.7382
203.000000	69.692	29.6443
206.000000	69.704	26.4913
209.000000	69.727	23.3898
212.000000	69.749	20.3398
214.000000	69.761	18.2962
218.000000	69.770	14.1178
220.000000	69.769	11.9897
224.000000	69.761	7.7019
227.000000	69.757	4.4485
230.000000	69.756	1.1891
233.000000	69.752	-2.0206
236.000000	69.742	-5.1691
240.000000	69.726	-9.2969
243.000000	69.713	-12.3622
247.000000	69.699	-16.4343
250.000000	69.699	-19.5053
254.000000	69.720	-23.6176
258.000000	69.755	-27.8016
262.000000	69.792	-32.0895
265.000000	69.819	-35.3416
269.000000	69.849	-39.6532
272.000000	69.868	-42.8783
276.000000	69.889	-47.2327
280.000000	69.908	-51.6087
285.000000	69.928	-56.9949
290.000000	69.940	-62.3268
295.000000	69.944	-67.6965
300.000000	69.943	-73.1074
304.000000	69.940	-77.4305
307.000000	69.935	-80.6863
311.000000	69.928	-85.0543
315.000000	69.922	-89.4456
320.000000	69.915	-94.9190
325.000000	69.907	-100.3037
330.000000	69.895	-105.5921
335.000000	69.884	-110.8221
340.000000	69.882	-116.0220
345.000000	69.879	-121.2249
350.000000	69.864	-126.4814
355.000000	69.838	-131.7444
360.000000	69.808	-136.9294
365.000000	69.782	-142.0320
370.000000	69.765	-147.0736
375.000000	69.753	-152.0524
382.000000	69.740	-158.8793
387.000000	69.724	-163.7007
395.000000	69.694	-171.5576
400.000000	69.684	-176.5529
406.000000	69.689	177.5054
412.000000	69.700	171.6201
418.000000	69.702	165.7144
425.000000	69.690	158.8167
431.000000	69.674	152.9789
437.000000	69.659	147.2366
444.000000	69.642	140.6469
450.000000	69.624	135.0101
455.000000	69.614	130.2603
462.000000	69.612	123.5432
468.000000	69.616	117.7889
475.000000	69.610	111.1096
482.000000	69.593	104.4321
487.000000	69.583	99.6708
494.000000	69.575	93.0461
500.000000	69.569	87.4262
508.000000	69.563	79.9724
515.000000	69.559	73.3886
522.000000	69.550	66.6996
530.000000	69.524	59.0276
538.000000	69.478	51.4367
545.000000	69.430	44.8424
552.000000	69.390	38.2784
560.000000	69.363	30.8627
570.000000	69.345	21.8422
580.000000	69.313	13.0643
590.000000	69.260	4.2953
600.000000	69.202	-4.5400
608.000000	69.156	-11.5928
615.000000	69.111	-17.7097
622.000000	69.065	-23.7665
630.000000	69.018	-30.6069
640.000000	68.959	-39.0432
650.000000	68.888	-47.3722
660.000000	68.816	-55.5980
670.000000	68.752	-63.7672
680.000000	68.697	-71.8616
690.000000	68.649	-79.8619
700.000000	68.611	-87.8640
710.000000	68.595	-95.8510
720.000000	68.598	-103.7743
730.000000	68.604	-111.6843
740.000000	68.596	-119.6031
750.000000	68.572	-127.4900
762.000000	68.533	-136.8658
775.000000	68.486	-147.0088
788.000000	68.446	-157.0591
800.000000	68.414	-166.1965
812.000000	68.384	-175.2219
825.000000	68.356	175.1438
838.000000	68.338	165.6515
850.000000	68.334	156.9603
862.000000	68.341	148.2762
875.000000	68.352	138.8684
885.000000	68.363	131.6306
900.000000	68.380	120.7107
912.000000	68.391	111.9076
925.000000	68.405	102.3672
938.000000	68.429	92.8870
950.000000	68.458	84.2650
962.000000	68.493	75.7738
975.000000	68.534	66.6553
988.000000	68.587	57.5825
1000.000000	68.645	49.2391
1015.000000	68.718	38.8464
1030.000000	68.790	28.4407
1044.000000	68.860	18.6904
1060.000000	68.947	7.5372
1075.000000	69.037	-2.8599
1090.000000	69.133	-13.1703
1106.000000	69.232	-24.0931
1120.000000	69.309	-33.5818
1138.000000	69.396	-45.7434
1150.000000	69.447	-53.8794
1172.000000	69.543	-68.8641
1180.000000	69.584	-74.2974
1206.000000	69.734	-91.7961
1220.000000	69.822	-101.1257
1241.000000	69.963	-115.0312
1250.000000	70.028	-120.9850
1265.000000	70.141	-130.9014
1280.000000	70.259	-140.7811
1315.000000	70.513	-163.5950
1320.000000	70.542	-166.8179
1340.000000	70.628	-179.6075
1360.000000	70.656	167.7305
1380.000000	70.643	155.1328
1400.000000	70.623	142.5481
1430.000000	70.635	123.7509
1450.000000	70.683	111.3462
1475.000000	70.785	96.0005
1500.000000	70.911	80.8137
1525.000000	71.055	65.6852
1550.000000	71.215	50.5574
1575.000000	71.371	35.4373
1600.000000	71.529	20.3231
1625.000000	71.696	5.4415
1650.000000	71.859	-9.1833
1675.000000	72.015	-23.6321
1700.000000	72.164	-38.0415
1725.000000	72.318	-52.5317
1750.000000	72.485	-66.9680
1775.000000	72.658	-81.2473
1800.000000	72.830	-95.3757
1825.000000	72.998	-109.3947
1850.000000	73.167	-123.3713
1875.000000	73.344	-137.3135
1900.000000	73.533	-151.1915
1925.000000	73.729	-165.0093
1950.000000	73.930	-178.8152
1975.000000	74.138	167.3395
2000.000000	74.355	153.4514
2030.000000	74.619	136.8160
2060.000000	74.872	120.2500
2090.000000	75.102	103.7041
2120.000000	75.306	87.1522
2140.000000	75.430	76.1184
2180.000000	75.658	54.1963
2200.000000	75.761	43.3173
2240.000000	75.951	21.5979
2270.000000	76.091	5.3105
2300.000000	76.230	-10.8635
2330.000000	76.360	-26.8644
2360.000000	76.474	-42.7808
2400.000000	76.601	-63.9238
2430.000000	76.678	-79.6953
2470.000000	76.758	-100.5896
2500.000000	76.798	-116.1582
2540.000000	76.823	-136.7446
2580.000000	76.811	-157.0664
2620.000000	76.761	-177.0942
2650.000000	76.698	168.0918
2690.000000	76.590	148.6228
2720.000000	76.500	134.2566
2760.000000	76.386	115.4709
2800.000000	76.288	97.0425
2850.000000	76.193	74.3843
2900.000000	76.131	52.2661
2950.000000	76.085	30.6140
3000.000000	76.044	9.1873
3040.000000	76.018	-7.8015
3070.000000	76.003	-20.4521
3110.000000	75.994	-37.2100
3150.000000	75.993	-53.8628
3200.000000	76.002	-74.4795
3250.000000	76.012	-94.8555
3300.000000	76.012	-115.0447
3350.000000	76.004	-135.0776
3400.000000	75.988	-154.8999
3450.000000	75.961	-174.4907
3500.000000	75.927	166.1487
3550.000000	75.887	147.0439
3600.000000	75.845	128.1829
3650.000000	75.807	109.5120
3700.000000	75.772	91.0344
3750.000000	75.738	72.7896
3820.000000	75.684	47.5825
3870.000000	75.649	29.7773
3950.000000	75.609	1.8259
4000.000000	75.594	-15.2605
4060.000000	75.579	-35.4670
4120.000000	75.547	-55.4150
4180.000000	75.494	-75.1462
4250.000000	75.418	-97.9814
4310.000000	75.333	-117.3743
4370.000000	75.229	-136.4771
4440.000000	75.093	-158.3540
4500.000000	74.979	-176.8103
4550.000000	74.894	168.0151
4620.000000	74.790	147.1453
4680.000000	74.708	129.6379
4750.000000	74.611	109.6045
4820.000000	74.514	89.9453
4870.000000	74.446	76.1455
4940.000000	74.351	57.1541
5000.000000	74.272	41.1338
5080.000000	74.176	20.0759
5150.000000	74.114	1.9548
5220.000000	74.074	-15.7876
5300.000000	74.044	-35.6650
5380.000000	74.019	-55.3186
5450.000000	73.994	-72.4329
5520.000000	73.962	-89.4358
5600.000000	73.910	-108.6304
5700.000000	73.809	-132.1309
5800.000000	73.660	-155.0300
5900.000000	73.475	-177.2424
6000.000000	73.279	161.3843
6080.000000	73.126	144.9033
6150.000000	72.998	130.9185
6220.000000	72.880	117.3074
6300.000000	72.760	102.1555
6400.000000	72.648	83.7808
6500.000000	72.588	66.0029
6600.000000	72.586	48.7444
6700.000000	72.650	31.9065
6800.000000	72.786	15.4268
6900.000000	73.003	-0.7544
7000.000000	73.304	-16.7256
7100.000000	73.694	-32.5967
7200.000000	74.179	-48.5249
7300.000000	74.753	-64.6746
7400.000000	75.399	-81.1836
7500.000000	76.086	-98.2234
7620.000000	76.894	-119.5896
7750.000000	77.592	-143.8611
7880.000000	77.901	-168.9121
8000.000000	77.706	167.9719
8120.000000	77.027	145.7400
8250.000000	75.826	123.5879
8380.000000	74.292	104.0942
8500.000000	72.729	88.6851
8620.000000	71.144	75.7344
8750.000000	69.515	64.2563
8850.000000	68.382	57.0088
9000.000000	66.934	48.2563
9120.000000	65.996	42.7273
9250.000000	65.177	37.8687
9380.000000	64.550	33.9045
9500.000000	64.141	30.8530
9620.000000	63.894	28.2871
9750.000000	63.790	25.9827
9880.000000	63.839	24.0818
10000.000000	64.008	22.6082
10150.000000	64.377	21.0798
10300.000000	64.908	19.7864
10440.000000	65.538	18.6328
10600.000000	66.407	17.1702
10750.000000	67.354	15.4856
10900.000000	68.400	13.3306
11060.000000	69.576	10.3523
11200.000000	70.610	7.1196
11380.000000	71.888	2.2056
11500.000000	72.688	-1.4160
11720.000000	74.044	-8.5552
11800.000000	74.498	-11.3188
12060.000000	75.762	-21.0186
12200.000000	76.242	-26.5549
12410.000000	76.606	-34.6567
12500.000000	76.622	-37.7988
12650.000000	76.471	-42.2178
12800.000000	76.124	-45.2485
13150.000000	74.850	-45.3159
13200.000000	74.651	-44.4814
13400.000000	73.915	-39.2217
13600.000000	73.426	-31.4519
13800.000000	73.342	-22.1733
14000.000000	73.710	-12.5725
14300.000000	74.909	-0.4297
14500.000000	75.844	4.6904
14750.000000	76.750	7.6309
15000.000000	77.044	8.4531
15250.000000	76.608	9.8657
15500.000000	75.546	14.0757
15750.000000	74.081	21.9629
16000.000000	72.436	33.2637
16250.000000	70.751	47.4290
16500.000000	69.069	64.4150
16750.000000	67.403	84.6650
17000.000000	65.800	108.7627
17250.000000	64.345	137.3892
17500.000000	63.178	171.8206
17750.000000	62.502	-146.8591
18000.000000	62.443	-102.5974
18250.000000	62.845	-64.3794
18500.000000	63.335	-34.9492
18750.000000	63.574	-10.9226
19000.000000	63.410	11.7239
19250.000000	62.850	36.3984
19500.000000	62.010	65.1306
19750.000000	61.107	94.7944
20000.000000	60.508	113.6577
