* Measurement data measured by REW V5.31.3
* Source: Microphone (USB Sound Device        ), MICROPHONE (Master Volume), L, volume: 0.250
* Format: 256k Log Swept Sine, 1 sweep at -12.0 dBFS with no timing reference
* Dated: 18-Jan-2025 14:39:21
* REW Settings:
*  C-weighting compensation: Off
*  Target level: 75.0 dB
* Note: 
* Measurement: Realme BA6P DB3 L
* Smoothing: 1/12 octave
* Frequency Step: 1/48 octave
* Start Frequency: 20.300 Hz
*
* Freq(Hz)	SPL(dB)	Phase(degrees)
20.299999	78.656	27.0476
20.600000	78.735	26.5718
20.900000	78.830	25.8475
21.200001	78.924	24.9115
21.400000	78.979	24.1989
21.799999	79.061	22.6856
22.000000	79.089	21.9514
22.400000	79.127	20.6718
22.700001	79.151	19.9353
23.000000	79.178	19.3743
23.299999	79.211	18.9205
23.600000	79.244	18.4900
24.000000	79.265	17.8534
24.299999	79.252	17.3217
24.700001	79.193	16.6177
25.000000	79.129	16.1618
25.400000	79.047	15.6990
25.799999	78.999	15.3476
26.200001	78.998	14.9715
26.500000	79.017	14.6032
26.900000	79.041	13.9854
27.200001	79.043	13.4724
27.600000	79.012	12.8222
28.000000	78.951	12.2916
28.500000	78.866	11.7875
29.000000	78.812	11.2751
29.500000	78.806	10.5213
30.000000	78.838	9.4395
30.400000	78.876	8.3947
30.700001	78.906	7.5641
31.100000	78.944	6.4650
31.500000	78.977	5.4448
32.000000	79.014	4.3725
32.500000	79.052	3.6019
33.000000	79.102	3.1600
33.500000	79.164	2.9897
34.000000	79.233	2.9600
34.500000	79.295	2.9108
35.000000	79.341	2.6896
35.500000	79.374	2.1734
36.000000	79.403	1.3090
36.500000	79.436	0.1640
37.000000	79.474	-1.0780
37.500000	79.514	-2.2090
38.200001	79.560	-3.4130
38.700001	79.567	-4.0517
39.500000	79.511	-4.9374
40.000000	79.448	-5.5042
40.599998	79.378	-6.2559
41.200001	79.332	-7.0815
41.799999	79.296	-7.8740
42.500000	79.244	-8.5722
43.099998	79.191	-8.9799
43.700001	79.138	-9.3762
44.400002	79.074	-9.9662
45.000000	79.014	-10.4954
45.500000	78.962	-10.8481
46.200001	78.897	-11.1939
46.799999	78.845	-11.4969
47.500000	78.772	-12.0398
48.200001	78.678	-12.7936
48.700001	78.608	-13.4035
49.400002	78.520	-14.3148
50.000000	78.457	-15.1656
50.799999	78.380	-16.4268
51.500000	78.319	-17.6015
52.200001	78.272	-18.7390
53.000000	78.253	-19.8610
53.799999	78.274	-20.7233
54.500000	78.313	-21.2813
55.200001	78.345	-21.6954
56.000000	78.342	-22.0537
57.000000	78.258	-22.5049
58.000000	78.106	-23.1690
59.000000	77.970	-24.1094
60.000000	77.914	-25.1950
60.799999	77.910	-25.9577
61.500000	77.905	-26.4458
62.200001	77.875	-26.8280
63.000000	77.804	-27.3208
64.000000	77.688	-28.2373
65.000000	77.594	-29.3217
66.000000	77.529	-30.1632
67.000000	77.454	-30.6977
68.000000	77.351	-31.2262
69.000000	77.244	-31.8690
70.000000	77.152	-32.4458
71.000000	77.060	-32.8526
72.000000	76.956	-33.1993
73.000000	76.850	-33.5929
74.000000	76.749	-34.0030
75.000000	76.650	-34.3803
76.199997	76.531	-34.7849
77.500000	76.401	-35.0921
78.800003	76.260	-35.2935
80.000000	76.114	-35.5630
81.199997	75.957	-35.9746
82.500000	75.773	-36.5172
83.800003	75.584	-37.0922
85.000000	75.427	-37.6790
86.199997	75.292	-38.3795
87.500000	75.174	-39.1980
88.500000	75.107	-39.7523
90.000000	75.038	-40.3018
91.199997	74.979	-40.4586
92.500000	74.885	-40.4415
93.800003	74.757	-40.4656
95.000000	74.622	-40.7005
96.199997	74.494	-41.1223
97.500000	74.379	-41.5678
98.800003	74.278	-41.7866
100.000000	74.174	-41.8225
101.500000	74.022	-41.9355
103.000000	73.878	-42.2340
104.400002	73.766	-42.4753
106.000000	73.636	-42.5482
107.500000	73.503	-42.5668
109.000000	73.380	-42.6196
110.599998	73.257	-42.6562
112.000000	73.148	-42.7098
113.800003	73.012	-42.7648
115.000000	72.921	-42.7580
117.199997	72.748	-42.7501
118.000000	72.685	-42.7343
120.599998	72.462	-42.6072
122.000000	72.333	-42.5098
124.099998	72.152	-42.3304
125.000000	72.082	-42.2400
126.500000	71.975	-42.0489
128.000000	71.871	-41.8046
131.500000	71.627	-41.1516
132.000000	71.593	-41.0588
134.000000	71.460	-40.6719
136.000000	71.334	-40.2418
138.000000	71.215	-39.7990
140.000000	71.101	-39.3835
143.000000	70.932	-38.7074
145.000000	70.830	-38.2169
147.500000	70.719	-37.6956
150.000000	70.614	-37.1997
152.500000	70.503	-36.5843
155.000000	70.382	-35.9429
157.500000	70.266	-35.3663
160.000000	70.173	-34.7962
162.500000	70.102	-34.2128
165.000000	70.049	-33.6361
167.500000	70.008	-33.0338
170.000000	69.967	-32.4066
172.500000	69.921	-31.8087
175.000000	69.870	-31.2845
177.500000	69.817	-30.7857
180.000000	69.768	-30.2548
182.500000	69.722	-29.6772
185.000000	69.674	-29.0894
187.500000	69.626	-28.5437
190.000000	69.577	-28.0269
192.500000	69.525	-27.5159
195.000000	69.477	-27.0161
197.500000	69.443	-26.5553
200.000000	69.432	-26.1407
203.000000	69.447	-25.6828
206.000000	69.484	-25.3071
209.000000	69.528	-25.0184
212.000000	69.571	-24.7692
214.000000	69.599	-24.6053
218.000000	69.650	-24.1899
220.000000	69.666	-23.9403
224.000000	69.676	-23.5058
227.000000	69.672	-23.2787
230.000000	69.664	-23.0869
233.000000	69.652	-22.8844
236.000000	69.639	-22.6570
240.000000	69.625	-22.2486
243.000000	69.620	-21.8607
247.000000	69.623	-21.3529
250.000000	69.631	-21.0503
254.000000	69.650	-20.7801
258.000000	69.683	-20.6210
262.000000	69.726	-20.4907
265.000000	69.758	-20.3823
269.000000	69.793	-20.2335
272.000000	69.812	-20.1456
276.000000	69.835	-20.0771
280.000000	69.856	-20.0186
285.000000	69.876	-19.9447
290.000000	69.890	-19.9550
295.000000	69.899	-20.0449
300.000000	69.902	-20.1586
304.000000	69.903	-20.2376
307.000000	69.906	-20.2947
311.000000	69.909	-20.3737
315.000000	69.910	-20.4551
320.000000	69.908	-20.5502
325.000000	69.897	-20.6164
330.000000	69.878	-20.6001
335.000000	69.857	-20.5063
340.000000	69.841	-20.4413
345.000000	69.829	-20.4674
350.000000	69.814	-20.5301
355.000000	69.794	-20.5617
360.000000	69.780	-20.5595
365.000000	69.775	-20.5519
370.000000	69.766	-20.5314
375.000000	69.748	-20.5004
382.000000	69.718	-20.4477
387.000000	69.702	-20.4323
395.000000	69.686	-20.5317
400.000000	69.677	-20.6217
406.000000	69.671	-20.6896
412.000000	69.675	-20.7174
418.000000	69.674	-20.6731
425.000000	69.657	-20.5119
431.000000	69.640	-20.4050
437.000000	69.633	-20.4026
444.000000	69.635	-20.4484
450.000000	69.634	-20.4791
455.000000	69.633	-20.4761
462.000000	69.630	-20.4229
468.000000	69.617	-20.3631
475.000000	69.597	-20.3453
482.000000	69.585	-20.3849
487.000000	69.580	-20.4236
494.000000	69.571	-20.5119
500.000000	69.565	-20.6229
508.000000	69.555	-20.7681
515.000000	69.537	-20.8636
522.000000	69.509	-20.9565
530.000000	69.474	-21.0625
538.000000	69.440	-21.1402
545.000000	69.414	-21.1803
552.000000	69.392	-21.1712
560.000000	69.362	-21.1115
570.000000	69.320	-21.0611
580.000000	69.276	-21.0785
590.000000	69.232	-21.1322
600.000000	69.183	-21.2124
608.000000	69.134	-21.2332
615.000000	69.087	-21.1660
622.000000	69.042	-21.0469
630.000000	68.991	-20.9333
640.000000	68.922	-20.8935
650.000000	68.850	-20.8706
660.000000	68.788	-20.7878
670.000000	68.749	-20.5956
680.000000	68.729	-20.2764
690.000000	68.707	-19.9210
700.000000	68.677	-19.6304
710.000000	68.644	-19.4074
720.000000	68.611	-19.1213
730.000000	68.578	-18.7193
740.000000	68.545	-18.3372
750.000000	68.516	-18.0484
762.000000	68.492	-17.7405
775.000000	68.469	-17.2748
788.000000	68.440	-16.7189
800.000000	68.413	-16.2160
812.000000	68.387	-15.7095
825.000000	68.360	-15.1187
838.000000	68.332	-14.4897
850.000000	68.312	-13.8984
862.000000	68.305	-13.2895
875.000000	68.311	-12.6661
885.000000	68.323	-12.2310
900.000000	68.348	-11.5904
912.000000	68.372	-11.0515
925.000000	68.401	-10.4036
938.000000	68.436	-9.6929
950.000000	68.474	-9.0473
962.000000	68.512	-8.4510
975.000000	68.553	-7.8550
988.000000	68.597	-7.3049
1000.000000	68.645	-6.8520
1015.000000	68.712	-6.3491
1030.000000	68.778	-5.8759
1044.000000	68.842	-5.4836
1060.000000	68.924	-5.1353
1075.000000	69.010	-4.9019
1090.000000	69.095	-4.7526
1106.000000	69.183	-4.6172
1120.000000	69.261	-4.4739
1138.000000	69.367	-4.2461
1150.000000	69.442	-4.0648
1172.000000	69.575	-3.7574
1180.000000	69.621	-3.6842
1206.000000	69.766	-3.5400
1220.000000	69.851	-3.4654
1241.000000	69.992	-3.3431
1250.000000	70.056	-3.2881
1265.000000	70.167	-3.1906
1280.000000	70.280	-3.0938
1315.000000	70.524	-2.8401
1320.000000	70.551	-2.7941
1340.000000	70.631	-2.5867
1360.000000	70.660	-2.3524
1380.000000	70.656	-2.1261
1400.000000	70.643	-1.9205
1430.000000	70.648	-1.6395
1450.000000	70.683	-1.4284
1475.000000	70.775	-1.0885
1500.000000	70.905	-0.7530
1525.000000	71.051	-0.5661
1550.000000	71.205	-0.5009
1575.000000	71.368	-0.4329
1600.000000	71.534	-0.3183
1625.000000	71.696	-0.1174
1650.000000	71.843	0.0850
1675.000000	71.986	0.1876
1700.000000	72.139	0.2346
1725.000000	72.299	0.2711
1750.000000	72.467	0.2687
1775.000000	72.640	0.2316
1800.000000	72.816	0.2118
1825.000000	72.990	0.2209
1850.000000	73.168	0.1932
1875.000000	73.348	0.0920
1900.000000	73.530	-0.0782
1925.000000	73.720	-0.2975
1950.000000	73.924	-0.5661
1975.000000	74.139	-0.9307
2000.000000	74.357	-1.4391
2030.000000	74.612	-2.2238
2060.000000	74.862	-3.1469
2090.000000	75.103	-4.1290
2120.000000	75.320	-5.1316
2140.000000	75.450	-5.8208
2180.000000	75.679	-7.3159
2200.000000	75.783	-8.1459
2240.000000	75.978	-9.9277
2270.000000	76.114	-11.2653
2300.000000	76.245	-12.5750
2330.000000	76.371	-13.9150
2360.000000	76.488	-15.3228
2400.000000	76.622	-17.2845
2430.000000	76.704	-18.7935
2470.000000	76.790	-20.8325
2500.000000	76.835	-22.3710
2540.000000	76.862	-24.4052
2580.000000	76.848	-26.3697
2620.000000	76.794	-28.2217
2650.000000	76.732	-29.4940
2690.000000	76.626	-30.9824
2720.000000	76.538	-31.9214
2760.000000	76.422	-32.9375
2800.000000	76.316	-33.7124
2850.000000	76.205	-34.4891
2900.000000	76.126	-35.1965
2950.000000	76.087	-35.7854
3000.000000	76.065	-36.3363
3040.000000	76.052	-36.7996
3070.000000	76.044	-37.1364
3110.000000	76.032	-37.5756
3150.000000	76.022	-38.0596
3200.000000	76.020	-38.7404
3250.000000	76.023	-39.4612
3300.000000	76.022	-40.1917
3350.000000	76.015	-40.9173
3400.000000	75.999	-41.6240
3450.000000	75.974	-42.3216
3500.000000	75.942	-43.0281
3550.000000	75.904	-43.7325
3600.000000	75.857	-44.3930
3650.000000	75.810	-44.9991
3700.000000	75.775	-45.5791
3750.000000	75.751	-46.1658
3820.000000	75.721	-46.9804
3870.000000	75.693	-47.5058
3950.000000	75.638	-48.1709
4000.000000	75.612	-48.5039
4060.000000	75.590	-48.9015
4120.000000	75.564	-49.3535
4180.000000	75.519	-49.8226
4250.000000	75.443	-50.4478
4310.000000	75.356	-51.1009
4370.000000	75.251	-51.7384
4440.000000	75.121	-52.3577
4500.000000	75.012	-52.7841
4550.000000	74.927	-53.0752
4620.000000	74.816	-53.3884
4680.000000	74.728	-53.5586
4750.000000	74.630	-53.6343
4820.000000	74.529	-53.5968
4870.000000	74.453	-53.5077
4940.000000	74.349	-53.2987
5000.000000	74.269	-53.0558
5080.000000	74.185	-52.6504
5150.000000	74.129	-52.2402
5220.000000	74.088	-51.8201
5300.000000	74.057	-51.4000
5380.000000	74.035	-51.1436
5450.000000	74.012	-51.1136
5520.000000	73.981	-51.2373
5600.000000	73.931	-51.4877
5700.000000	73.837	-51.8501
5800.000000	73.691	-52.1210
5900.000000	73.503	-52.1449
6000.000000	73.304	-51.7574
6080.000000	73.146	-51.1068
6150.000000	73.013	-50.3104
6220.000000	72.891	-49.3390
6300.000000	72.771	-48.0600
6400.000000	72.661	-46.2594
6500.000000	72.604	-44.3059
6600.000000	72.601	-42.2686
6700.000000	72.661	-40.1913
6800.000000	72.794	-38.1314
6900.000000	73.009	-36.1788
7000.000000	73.310	-34.4483
7100.000000	73.697	-33.0877
7200.000000	74.179	-32.2434
7300.000000	74.751	-32.0795
7400.000000	75.397	-32.7935
7500.000000	76.089	-34.5771
7620.000000	76.905	-38.3620
7750.000000	77.610	-44.5848
7880.000000	77.918	-52.6901
8000.000000	77.726	-61.0015
8120.000000	77.055	-68.9423
8250.000000	75.861	-75.9482
8380.000000	74.329	-80.5299
8500.000000	72.765	-82.3234
8620.000000	71.179	-81.7860
8750.000000	69.554	-78.8189
8850.000000	68.423	-75.1136
9000.000000	66.971	-67.8148
9120.000000	66.026	-60.9553
9250.000000	65.208	-52.9585
9380.000000	64.593	-44.6860
9500.000000	64.194	-36.9695
9620.000000	63.946	-29.2250
9750.000000	63.836	-20.8543
9880.000000	63.880	-12.6249
10000.000000	64.045	-5.2847
10150.000000	64.402	3.4780
10300.000000	64.918	11.7555
10440.000000	65.540	18.9470
10600.000000	66.409	26.3420
10750.000000	67.358	32.2400
10900.000000	68.404	36.9230
11060.000000	69.576	40.4404
11200.000000	70.604	42.2774
11380.000000	71.875	43.0971
11500.000000	72.673	42.8215
11720.000000	74.032	40.9039
11800.000000	74.489	39.7643
12060.000000	75.756	34.3461
12200.000000	76.236	30.4698
12410.000000	76.602	24.0200
12500.000000	76.619	21.2858
12650.000000	76.471	17.1777
12800.000000	76.127	14.0182
13150.000000	74.862	11.8177
13200.000000	74.663	12.1101
13400.000000	73.924	14.5306
13600.000000	73.423	18.3625
13800.000000	73.323	22.7020
14000.000000	73.685	26.4423
14300.000000	74.894	28.4639
14500.000000	75.843	26.3580
14750.000000	76.763	19.9054
15000.000000	77.065	10.6980
15250.000000	76.638	1.0937
15500.000000	75.585	-7.0024
15750.000000	74.121	-12.8461
16000.000000	72.468	-16.5573
16250.000000	70.772	-18.4211
16500.000000	69.090	-18.4176
16750.000000	67.433	-16.2845
17000.000000	65.833	-11.7029
17250.000000	64.369	-4.3825
17500.000000	63.184	5.7456
17750.000000	62.483	17.9312
18000.000000	62.401	29.9165
18250.000000	62.798	38.8549
18500.000000	63.299	43.5477
18750.000000	63.552	44.9535
19000.000000	63.394	45.0063
19250.000000	62.836	45.3949
19500.000000	62.005	47.0711
19750.000000	61.128	49.8042
20000.000000	60.557	52.0321
