* Measurement data measured by REW V5.40 beta 120
* Source: Microphone (2- USB Sound Device        ), MICROPHONE (Master Volume), L, volume: 0.250
* Format: 256k Log Swept Sine, 1 sweep at 0.0 dBFS with no timing reference
* Dated: Mar 28, 2026, 9:32:08 PM
* REW Settings:
*  C-weighting compensation: Off
*  Target level: 75.0 dB
* Note: 
* Measurement: Rose Ceramics U Hifi R
* Smoothing: 1/24 octave
* Frequency Step: 1/48 octave
* Start Frequency: 20.300 Hz
*
* Freq(Hz)	SPL(dB)	Phase(degrees)
20.299999	67.219	2.6394
20.600000	67.224	1.9595
20.900000	67.225	1.2179
21.200001	67.222	0.4952
21.400000	67.220	0.0232
21.799999	67.215	-0.9129
22.000000	67.213	-1.3832
22.400000	67.213	-2.3357
22.700001	67.212	-3.0596
23.000000	67.209	-3.7863
23.299999	67.203	-4.5094
23.600000	67.193	-5.2229
24.000000	67.172	-6.1510
24.299999	67.150	-6.8250
24.700001	67.116	-7.6890
25.000000	67.089	-8.3087
25.400000	67.052	-9.0978
25.799999	67.016	-9.8502
26.200001	66.981	-10.5758
26.500000	66.954	-11.1074
26.900000	66.914	-11.8008
27.200001	66.882	-12.3071
27.600000	66.835	-12.9596
28.000000	66.787	-13.5866
28.500000	66.728	-14.3474
29.000000	66.667	-15.1044
29.500000	66.606	-15.8655
30.000000	66.546	-16.6173
30.400000	66.496	-17.2001
30.700001	66.458	-17.6233
31.100000	66.406	-18.1688
31.500000	66.353	-18.6921
32.000000	66.287	-19.3110
32.500000	66.223	-19.8912
33.000000	66.161	-20.4529
33.500000	66.100	-21.0290
34.000000	66.036	-21.6339
34.500000	65.965	-22.2427
35.000000	65.886	-22.8082
35.500000	65.806	-23.2995
36.000000	65.734	-23.7270
36.500000	65.674	-24.1326
37.000000	65.621	-24.5583
37.500000	65.565	-25.0168
38.200001	65.469	-25.6659
38.700001	65.389	-26.0847
39.500000	65.263	-26.6501
40.000000	65.191	-26.9759
40.599998	65.111	-27.3722
41.200001	65.033	-27.7634
41.799999	64.957	-28.1280
42.500000	64.867	-28.5156
43.099998	64.787	-28.8187
43.700001	64.709	-29.1008
44.400002	64.622	-29.4312
45.000000	64.546	-29.7271
45.500000	64.476	-29.9703
46.200001	64.371	-30.2936
46.799999	64.285	-30.5754
47.500000	64.198	-30.9246
48.200001	64.125	-31.2564
48.700001	64.079	-31.4526
49.400002	64.016	-31.6521
50.000000	63.950	-31.7618
50.799999	63.837	-31.8866
51.500000	63.737	-32.0450
52.200001	63.647	-32.2391
53.000000	63.554	-32.4350
53.799999	63.468	-32.6010
54.500000	63.394	-32.7535
55.200001	63.322	-32.9154
56.000000	63.240	-33.0824
57.000000	63.136	-33.1764
58.000000	63.036	-33.1834
59.000000	62.938	-33.3252
60.000000	62.828	-33.5665
60.799999	62.743	-33.7011
61.500000	62.679	-33.7670
62.200001	62.618	-33.7887
63.000000	62.546	-33.7289
64.000000	62.459	-33.5618
65.000000	62.381	-33.4619
66.000000	62.309	-33.4677
67.000000	62.237	-33.4799
68.000000	62.165	-33.4631
69.000000	62.091	-33.4172
70.000000	62.014	-33.2891
71.000000	61.946	-33.0921
72.000000	61.890	-32.9794
73.000000	61.832	-32.9484
74.000000	61.779	-32.9231
75.000000	61.735	-32.9549
76.199997	61.688	-32.8962
77.500000	61.648	-32.7049
78.800003	61.574	-32.6260
80.000000	61.508	-32.6657
81.199997	61.470	-32.7751
82.500000	61.429	-32.8458
83.800003	61.369	-32.7333
85.000000	61.324	-32.6317
86.199997	61.287	-32.6776
87.500000	61.266	-32.6678
88.500000	61.252	-32.6187
90.000000	61.204	-32.6231
91.199997	61.162	-32.7165
92.500000	61.130	-32.7568
93.800003	61.100	-32.7235
95.000000	61.066	-32.7340
96.199997	61.030	-32.8273
97.500000	60.983	-32.9866
98.800003	60.929	-33.0858
100.000000	60.888	-33.1234
101.500000	60.843	-33.1825
103.000000	60.800	-33.2905
104.400002	60.752	-33.3913
106.000000	60.675	-33.4420
107.500000	60.611	-33.5189
109.000000	60.585	-33.5832
110.599998	60.566	-33.6131
112.000000	60.535	-33.5888
113.800003	60.478	-33.5961
115.000000	60.441	-33.7361
117.199997	60.375	-34.0978
118.000000	60.351	-34.1322
120.599998	60.278	-34.1315
122.000000	60.226	-34.1305
124.099998	60.137	-34.0331
125.000000	60.103	-34.0282
126.500000	60.063	-34.1050
128.000000	60.032	-34.1947
131.500000	59.926	-34.1802
132.000000	59.906	-34.1809
134.000000	59.828	-34.2581
136.000000	59.765	-34.3944
138.000000	59.702	-34.4969
140.000000	59.638	-34.4548
143.000000	59.559	-34.5508
145.000000	59.497	-34.6986
147.500000	59.397	-34.6997
150.000000	59.306	-34.5950
152.500000	59.252	-34.5428
155.000000	59.178	-34.5748
157.500000	59.102	-34.5875
160.000000	59.052	-34.4661
162.500000	58.988	-34.4254
165.000000	58.938	-34.3403
167.500000	58.886	-34.1241
170.000000	58.811	-33.9757
172.500000	58.731	-33.8074
175.000000	58.659	-33.5236
177.500000	58.598	-33.2120
180.000000	58.545	-32.9233
182.500000	58.467	-32.7273
185.000000	58.356	-32.6210
187.500000	58.257	-32.4731
190.000000	58.167	-32.1852
192.500000	58.093	-31.9515
195.000000	58.033	-31.6610
197.500000	57.973	-31.2791
200.000000	57.924	-30.9322
203.000000	57.901	-30.5880
206.000000	57.900	-30.3393
209.000000	57.890	-29.9852
212.000000	57.878	-29.6256
214.000000	57.872	-29.4090
218.000000	57.865	-28.9867
220.000000	57.856	-28.7040
224.000000	57.820	-27.9953
227.000000	57.792	-27.4604
230.000000	57.777	-27.1125
233.000000	57.779	-26.6512
236.000000	57.777	-26.1477
240.000000	57.780	-25.6891
243.000000	57.801	-25.3348
247.000000	57.823	-24.8955
250.000000	57.837	-24.6456
254.000000	57.853	-24.3134
258.000000	57.891	-23.9773
262.000000	57.928	-23.5765
265.000000	57.953	-23.3363
269.000000	58.003	-23.1560
272.000000	58.046	-23.0426
276.000000	58.097	-22.8830
280.000000	58.151	-22.7400
285.000000	58.229	-22.6104
290.000000	58.291	-22.5981
295.000000	58.346	-22.5755
300.000000	58.406	-22.5551
304.000000	58.456	-22.6634
307.000000	58.488	-22.7420
311.000000	58.525	-22.8665
315.000000	58.553	-23.0077
320.000000	58.590	-23.1753
325.000000	58.628	-23.3855
330.000000	58.661	-23.6365
335.000000	58.697	-23.8332
340.000000	58.744	-24.0849
345.000000	58.796	-24.4282
350.000000	58.828	-24.6783
355.000000	58.834	-24.9680
360.000000	58.843	-25.2917
365.000000	58.867	-25.6335
370.000000	58.895	-26.0992
375.000000	58.905	-26.6211
382.000000	58.885	-27.1607
387.000000	58.867	-27.5342
395.000000	58.840	-28.1912
400.000000	58.821	-28.6981
406.000000	58.778	-29.2231
412.000000	58.733	-29.6998
418.000000	58.691	-29.8517
425.000000	58.635	-29.8244
431.000000	58.599	-29.9111
437.000000	58.571	-30.2776
444.000000	58.509	-30.6678
450.000000	58.461	-30.9496
455.000000	58.427	-31.1157
462.000000	58.374	-31.2225
468.000000	58.318	-31.2415
475.000000	58.256	-31.2721
482.000000	58.209	-31.3716
487.000000	58.182	-31.4920
494.000000	58.152	-31.4944
500.000000	58.116	-31.3739
508.000000	58.069	-31.4292
515.000000	58.053	-31.5505
522.000000	58.032	-31.4874
530.000000	57.978	-31.4035
538.000000	57.913	-31.3182
545.000000	57.864	-31.1649
552.000000	57.834	-31.1603
560.000000	57.807	-31.0510
570.000000	57.767	-30.8332
580.000000	57.739	-30.5934
590.000000	57.702	-30.2820
600.000000	57.682	-30.1611
608.000000	57.668	-30.1334
615.000000	57.643	-30.0841
622.000000	57.620	-29.9551
630.000000	57.610	-29.8491
640.000000	57.616	-29.6817
650.000000	57.610	-29.6409
660.000000	57.600	-29.5936
670.000000	57.600	-29.6078
680.000000	57.577	-29.4850
690.000000	57.535	-29.2781
700.000000	57.478	-29.2032
710.000000	57.442	-29.2031
720.000000	57.446	-29.1780
730.000000	57.436	-29.0531
740.000000	57.392	-28.9252
750.000000	57.342	-28.8470
762.000000	57.317	-28.8048
775.000000	57.306	-28.7155
788.000000	57.266	-28.4690
800.000000	57.221	-28.0902
812.000000	57.173	-27.7830
825.000000	57.132	-27.5302
838.000000	57.078	-27.1686
850.000000	57.021	-26.6953
862.000000	56.970	-26.1916
875.000000	56.915	-25.6508
885.000000	56.873	-25.2086
900.000000	56.827	-24.6467
912.000000	56.813	-24.1434
925.000000	56.803	-23.3602
938.000000	56.782	-22.4898
950.000000	56.766	-21.6279
962.000000	56.748	-20.6920
975.000000	56.739	-19.7344
988.000000	56.770	-18.7253
1000.000000	56.826	-17.7024
1015.000000	56.890	-16.5631
1030.000000	56.967	-15.5908
1044.000000	57.065	-14.8358
1060.000000	57.196	-13.8662
1075.000000	57.312	-12.9100
1090.000000	57.427	-12.1071
1106.000000	57.583	-11.4498
1120.000000	57.738	-10.9660
1138.000000	57.928	-10.4190
1150.000000	58.045	-10.0969
1172.000000	58.238	-9.7352
1180.000000	58.316	-9.6671
1206.000000	58.584	-9.5050
1220.000000	58.717	-9.4904
1241.000000	58.907	-9.4664
1250.000000	58.992	-9.4800
1265.000000	59.143	-9.5376
1280.000000	59.296	-9.5758
1315.000000	59.606	-9.5437
1320.000000	59.642	-9.4998
1340.000000	59.740	-9.3223
1360.000000	59.780	-9.1470
1380.000000	59.771	-8.8822
1400.000000	59.743	-8.5118
1430.000000	59.766	-7.8734
1450.000000	59.824	-7.4777
1475.000000	59.954	-6.9376
1500.000000	60.141	-6.4675
1525.000000	60.343	-5.9629
1550.000000	60.549	-5.6354
1575.000000	60.762	-5.3101
1600.000000	60.975	-5.0348
1625.000000	61.201	-4.7268
1650.000000	61.422	-4.3337
1675.000000	61.632	-4.1009
1700.000000	61.870	-3.9756
1725.000000	62.102	-4.0334
1750.000000	62.322	-4.0918
1775.000000	62.522	-4.1039
1800.000000	62.722	-4.0919
1825.000000	62.944	-4.1825
1850.000000	63.163	-4.3150
1875.000000	63.375	-4.5118
1900.000000	63.581	-4.7652
1925.000000	63.782	-5.0457
1950.000000	63.974	-5.2742
1975.000000	64.162	-5.4822
2000.000000	64.349	-5.7659
2030.000000	64.586	-6.1912
2060.000000	64.830	-6.7427
2090.000000	65.085	-7.3002
2120.000000	65.331	-7.8285
2140.000000	65.484	-8.1740
2180.000000	65.773	-8.9673
2200.000000	65.917	-9.4729
2240.000000	66.219	-10.5285
2270.000000	66.438	-11.4277
2300.000000	66.651	-12.4751
2330.000000	66.853	-13.5061
2360.000000	67.039	-14.5996
2400.000000	67.262	-16.0767
2430.000000	67.410	-17.2669
2470.000000	67.586	-18.9735
2500.000000	67.710	-20.2232
2540.000000	67.843	-21.7909
2580.000000	67.940	-23.3904
2620.000000	68.018	-24.9025
2650.000000	68.066	-25.9232
2690.000000	68.115	-27.1684
2720.000000	68.145	-28.0532
2760.000000	68.169	-29.1798
2800.000000	68.191	-30.1837
2850.000000	68.211	-31.1827
2900.000000	68.226	-32.0716
2950.000000	68.255	-32.7198
3000.000000	68.316	-33.2656
3040.000000	68.362	-33.6889
3070.000000	68.394	-34.0445
3110.000000	68.447	-34.6279
3150.000000	68.514	-35.2149
3200.000000	68.614	-35.9056
3250.000000	68.719	-36.6406
3300.000000	68.810	-37.4062
3350.000000	68.888	-38.2459
3400.000000	68.949	-39.1679
3450.000000	68.984	-40.0611
3500.000000	68.994	-40.9881
3550.000000	68.980	-41.9164
3600.000000	68.944	-42.8159
3650.000000	68.886	-43.5593
3700.000000	68.829	-44.2049
3750.000000	68.792	-44.7543
3820.000000	68.766	-45.2089
3870.000000	68.762	-45.4346
3950.000000	68.769	-45.6420
4000.000000	68.788	-45.7712
4060.000000	68.802	-46.0511
4120.000000	68.785	-46.4717
4180.000000	68.727	-46.8395
4250.000000	68.610	-47.3272
4310.000000	68.480	-47.7346
4370.000000	68.323	-47.9748
4440.000000	68.139	-48.0716
4500.000000	67.986	-47.9407
4550.000000	67.867	-47.6019
4620.000000	67.722	-46.8427
4680.000000	67.626	-46.0332
4750.000000	67.558	-44.9462
4820.000000	67.523	-43.7743
4870.000000	67.511	-42.9910
4940.000000	67.524	-42.0209
5000.000000	67.569	-41.3998
5080.000000	67.635	-40.9464
5150.000000	67.640	-40.9415
5220.000000	67.587	-41.2367
5300.000000	67.440	-41.5838
5380.000000	67.190	-41.7547
5450.000000	66.918	-41.5447
5520.000000	66.629	-40.8984
5600.000000	66.310	-39.6221
5700.000000	65.926	-37.4958
5800.000000	65.577	-34.9492
5900.000000	65.307	-32.1210
6000.000000	65.097	-29.0849
6080.000000	64.943	-26.5545
6150.000000	64.819	-24.2892
6220.000000	64.699	-21.9811
6300.000000	64.569	-19.2730
6400.000000	64.420	-15.8272
6500.000000	64.290	-12.2619
6600.000000	64.181	-8.5538
6700.000000	64.095	-4.7618
6800.000000	64.030	-0.7948
6900.000000	64.005	3.3764
7000.000000	64.019	7.7829
7100.000000	64.102	12.4406
7200.000000	64.281	17.1792
7300.000000	64.559	22.0003
7400.000000	64.959	26.9089
7500.000000	65.504	31.5826
7620.000000	66.378	36.5745
7750.000000	67.555	40.8367
7880.000000	68.872	43.3464
8000.000000	70.127	42.9805
8120.000000	71.258	38.8796
8250.000000	72.028	30.1304
8380.000000	71.981	18.8890
8500.000000	71.153	9.3502
8620.000000	69.798	2.9636
8750.000000	68.113	0.2341
8850.000000	66.847	0.5916
9000.000000	65.124	3.8485
9120.000000	63.903	7.9371
9250.000000	62.722	13.3089
9380.000000	61.666	19.3160
9500.000000	60.797	25.2662
9620.000000	60.023	31.4446
9750.000000	59.265	38.3222
9880.000000	58.581	45.4150
10000.000000	58.006	52.2006
10150.000000	57.368	60.9499
10300.000000	56.793	69.8392
10440.000000	56.290	78.2734
10600.000000	55.754	88.1157
10750.000000	55.313	97.5935
10900.000000	54.942	107.1836
11060.000000	54.599	117.4780
11200.000000	54.342	126.7344
11380.000000	54.092	138.9317
11500.000000	53.979	147.1146
11720.000000	53.915	162.1821
11800.000000	53.941	167.6556
12060.000000	54.212	-174.8351
12200.000000	54.479	-165.9008
12410.000000	54.943	-153.5118
12500.000000	55.154	-148.4765
12650.000000	55.524	-140.4611
12800.000000	55.906	-132.9288
13150.000000	56.638	-117.4026
13200.000000	56.700	-115.4384
13400.000000	56.862	-108.3084
13600.000000	56.952	-102.5875
13800.000000	56.971	-97.9419
14000.000000	56.805	-93.7159
14300.000000	56.237	-86.3116
14500.000000	55.716	-79.7410
14750.000000	55.005	-69.3180
15000.000000	54.326	-56.4973
15250.000000	53.788	-41.9273
15500.000000	53.337	-26.6699
15750.000000	53.024	-11.0445
16000.000000	53.031	4.7413
16250.000000	53.557	19.8284
16500.000000	54.582	32.4364
16750.000000	55.884	41.0130
17000.000000	57.043	44.2634
17250.000000	57.512	42.7919
17500.000000	56.991	40.3169
17750.000000	55.657	41.0999
18000.000000	53.985	46.8355
18250.000000	52.443	56.6969
18500.000000	51.251	68.9257
18750.000000	50.459	81.6910
19000.000000	49.964	93.0568
19250.000000	49.549	101.4196
19500.000000	48.911	106.5157
19750.000000	47.867	109.0458
