* Measurement data measured by REW V5.40 beta 120
* Source: Microphone (2- USB Sound Device        ), MICROPHONE (Master Volume), L, volume: 0.250
* Format: 256k Log Swept Sine, 1 sweep at 0.0 dBFS with no timing reference
* Dated: Mar 28, 2026, 9:18:31 PM
* REW Settings:
*  C-weighting compensation: Off
*  Target level: 75.0 dB
* Note: 
* Measurement: Rose Ceramics MK2 Rock
* Smoothing: 1/24 octave
* Frequency Step: 1/48 octave
* Start Frequency: 20.300 Hz
*
* Freq(Hz)	SPL(dB)	Phase(degrees)
20.299999	83.873	162.4763
20.600000	83.849	162.0154
20.900000	83.818	161.5187
21.200001	83.787	161.0319
21.400000	83.767	160.7081
21.799999	83.727	160.0476
22.000000	83.707	159.7083
22.400000	83.668	159.0174
22.700001	83.637	158.4988
23.000000	83.604	157.9899
23.299999	83.570	157.4970
23.600000	83.535	157.0219
24.000000	83.486	156.4134
24.299999	83.448	155.9719
24.700001	83.399	155.3980
25.000000	83.364	154.9760
25.400000	83.321	154.4204
25.799999	83.280	153.8670
26.200001	83.240	153.3113
26.500000	83.208	152.8938
26.900000	83.163	152.3418
27.200001	83.127	151.9361
27.600000	83.080	151.4094
28.000000	83.035	150.8958
28.500000	82.984	150.2610
29.000000	82.932	149.6321
29.500000	82.879	149.0247
30.000000	82.825	148.4528
30.400000	82.781	148.0135
30.700001	82.749	147.6839
31.100000	82.706	147.2323
31.500000	82.663	146.7629
32.000000	82.612	146.1666
32.500000	82.563	145.5903
33.000000	82.518	145.0537
33.500000	82.475	144.5499
34.000000	82.432	144.0573
34.500000	82.385	143.5614
35.000000	82.330	143.0636
35.500000	82.270	142.5714
36.000000	82.212	142.0845
36.500000	82.161	141.5943
37.000000	82.116	141.0974
37.500000	82.073	140.6047
38.200001	82.010	139.9444
38.700001	81.965	139.4853
39.500000	81.891	138.7280
40.000000	81.839	138.2466
40.599998	81.771	137.6944
41.200001	81.706	137.1767
41.799999	81.649	136.6657
42.500000	81.586	136.0578
43.099998	81.532	135.5402
43.700001	81.479	135.0287
44.400002	81.423	134.4171
45.000000	81.371	133.8846
45.500000	81.324	133.4586
46.200001	81.254	132.9102
46.799999	81.197	132.4715
47.500000	81.134	131.9787
48.200001	81.074	131.5130
48.700001	81.036	131.1866
49.400002	80.993	130.6902
50.000000	80.949	130.2090
50.799999	80.864	129.5487
51.500000	80.783	129.0225
52.200001	80.709	128.5484
53.000000	80.629	128.0239
53.799999	80.547	127.4700
54.500000	80.474	126.9597
55.200001	80.404	126.4694
56.000000	80.334	125.9628
57.000000	80.258	125.3319
58.000000	80.166	124.6665
59.000000	80.066	124.0257
60.000000	79.979	123.3801
60.799999	79.914	122.8664
61.500000	79.855	122.4534
62.200001	79.794	122.0696
63.000000	79.722	121.6243
64.000000	79.627	121.0846
65.000000	79.540	120.6635
66.000000	79.466	120.2662
67.000000	79.384	119.7938
68.000000	79.295	119.2757
69.000000	79.206	118.7466
70.000000	79.118	118.2520
71.000000	79.035	117.7407
72.000000	78.951	117.2529
73.000000	78.872	116.8866
74.000000	78.802	116.5979
75.000000	78.734	116.3384
76.199997	78.653	116.0120
77.500000	78.548	115.6575
78.800003	78.439	115.3515
80.000000	78.358	115.0294
81.199997	78.277	114.6801
82.500000	78.185	114.3884
83.800003	78.095	114.1787
85.000000	78.013	113.9976
86.199997	77.933	113.6806
87.500000	77.847	113.2634
88.500000	77.784	113.0151
90.000000	77.686	112.7197
91.199997	77.603	112.4745
92.500000	77.520	112.2153
93.800003	77.440	112.0192
95.000000	77.365	111.8571
96.199997	77.295	111.6338
97.500000	77.222	111.3671
98.800003	77.138	111.0972
100.000000	77.052	110.8730
101.500000	76.959	110.6430
103.000000	76.888	110.4620
104.400002	76.825	110.2805
106.000000	76.741	109.9767
107.500000	76.657	109.6750
109.000000	76.585	109.5130
110.599998	76.514	109.3372
112.000000	76.447	109.1535
113.800003	76.359	109.0521
115.000000	76.306	109.0378
117.199997	76.210	108.8545
118.000000	76.172	108.7159
120.599998	76.045	108.3386
122.000000	75.970	108.1950
124.099998	75.856	107.9408
125.000000	75.811	107.8356
126.500000	75.749	107.6626
128.000000	75.697	107.5262
131.500000	75.550	107.3443
132.000000	75.528	107.2901
134.000000	75.445	107.0649
136.000000	75.368	106.9700
138.000000	75.293	106.9178
140.000000	75.211	106.8177
143.000000	75.072	106.6451
145.000000	74.987	106.5312
147.500000	74.895	106.4772
150.000000	74.812	106.3823
152.500000	74.736	106.3132
155.000000	74.651	106.1247
157.500000	74.557	105.8789
160.000000	74.479	105.8322
162.500000	74.402	105.8285
165.000000	74.328	105.7964
167.500000	74.273	105.8000
170.000000	74.205	105.7028
172.500000	74.119	105.4268
175.000000	74.028	105.1065
177.500000	73.943	104.8664
180.000000	73.859	104.6033
182.500000	73.762	104.2549
185.000000	73.663	103.8440
187.500000	73.558	103.4237
190.000000	73.439	103.0225
192.500000	73.317	102.7157
195.000000	73.210	102.4300
197.500000	73.125	102.0854
200.000000	73.059	101.7150
203.000000	72.991	101.2668
206.000000	72.932	100.9484
209.000000	72.882	100.5848
212.000000	72.832	100.1624
214.000000	72.791	99.8916
218.000000	72.690	99.3866
220.000000	72.638	99.1351
224.000000	72.535	98.6252
227.000000	72.448	98.2282
230.000000	72.342	97.7879
233.000000	72.237	97.3320
236.000000	72.138	96.9753
240.000000	71.998	96.6308
243.000000	71.887	96.3735
247.000000	71.732	96.0904
250.000000	71.608	95.9585
254.000000	71.456	95.9012
258.000000	71.337	96.0759
262.000000	71.246	96.4700
265.000000	71.211	96.7807
269.000000	71.210	97.0108
272.000000	71.224	96.9677
276.000000	71.240	96.7183
280.000000	71.245	96.2942
285.000000	71.240	95.5325
290.000000	71.199	94.6141
295.000000	71.128	93.5653
300.000000	71.030	92.6184
304.000000	70.942	92.0290
307.000000	70.876	91.6411
311.000000	70.776	91.1672
315.000000	70.667	90.7307
320.000000	70.539	90.1120
325.000000	70.409	89.4827
330.000000	70.275	88.9827
335.000000	70.150	88.5795
340.000000	70.047	88.2455
345.000000	69.948	87.9904
350.000000	69.833	87.7343
355.000000	69.713	87.4775
360.000000	69.612	87.3214
365.000000	69.534	87.1679
370.000000	69.454	87.0158
375.000000	69.372	86.9135
382.000000	69.271	86.5705
387.000000	69.211	86.1411
395.000000	69.092	85.7399
400.000000	69.013	85.6136
406.000000	68.914	85.4242
412.000000	68.816	85.2161
418.000000	68.728	85.0100
425.000000	68.643	84.8335
431.000000	68.595	84.7370
437.000000	68.554	84.5485
444.000000	68.516	84.3512
450.000000	68.477	84.1686
455.000000	68.450	83.9363
462.000000	68.406	83.5476
468.000000	68.348	83.2304
475.000000	68.286	83.0012
482.000000	68.223	82.7958
487.000000	68.178	82.5487
494.000000	68.127	82.2440
500.000000	68.092	82.0476
508.000000	68.047	81.8285
515.000000	68.005	81.5661
522.000000	67.970	81.2226
530.000000	67.941	80.8282
538.000000	67.912	80.5231
545.000000	67.878	80.2249
552.000000	67.842	79.9017
560.000000	67.815	79.5774
570.000000	67.793	79.1441
580.000000	67.766	78.6692
590.000000	67.743	78.2491
600.000000	67.706	77.7692
608.000000	67.671	77.3918
615.000000	67.646	77.0515
622.000000	67.626	76.6779
630.000000	67.607	76.2855
640.000000	67.580	75.8178
650.000000	67.550	75.2486
660.000000	67.515	74.6298
670.000000	67.475	74.2662
680.000000	67.437	74.2455
690.000000	67.424	74.4484
700.000000	67.429	74.9758
710.000000	67.421	75.8189
720.000000	67.404	76.8678
730.000000	67.400	77.8324
740.000000	67.405	78.7310
750.000000	67.400	79.6005
762.000000	67.381	80.6262
775.000000	67.371	81.8620
788.000000	67.377	83.2357
800.000000	67.377	84.4630
812.000000	67.372	85.8315
825.000000	67.372	87.4121
838.000000	67.375	89.0128
850.000000	67.386	90.5324
862.000000	67.414	92.1195
875.000000	67.452	93.8727
885.000000	67.490	95.2389
900.000000	67.564	97.2568
912.000000	67.619	98.9364
925.000000	67.692	100.8167
938.000000	67.790	102.6705
950.000000	67.890	104.2796
962.000000	67.992	105.9282
975.000000	68.113	107.6574
988.000000	68.245	109.3175
1000.000000	68.387	110.8265
1015.000000	68.581	112.7394
1030.000000	68.764	114.4444
1044.000000	68.927	116.0024
1060.000000	69.118	117.7590
1075.000000	69.301	119.1973
1090.000000	69.482	120.4903
1106.000000	69.674	121.8943
1120.000000	69.845	123.1169
1138.000000	70.051	124.6631
1150.000000	70.178	125.6869
1172.000000	70.387	127.4617
1180.000000	70.457	128.0803
1206.000000	70.679	130.2457
1220.000000	70.796	131.4401
1241.000000	70.972	133.1491
1250.000000	71.051	133.8962
1265.000000	71.188	135.1745
1280.000000	71.328	136.5026
1315.000000	71.643	139.6865
1320.000000	71.680	140.1546
1340.000000	71.784	142.0843
1360.000000	71.822	144.1279
1380.000000	71.817	146.2566
1400.000000	71.796	148.4647
1430.000000	71.778	151.8985
1450.000000	71.803	154.2933
1475.000000	71.895	157.3193
1500.000000	72.008	160.4451
1525.000000	72.136	163.6015
1550.000000	72.284	166.7168
1575.000000	72.423	170.0086
1600.000000	72.545	173.4589
1625.000000	72.679	176.8745
1650.000000	72.867	-179.9129
1675.000000	73.038	-177.5745
1700.000000	73.140	-176.1944
1725.000000	73.240	-175.5875
1750.000000	73.366	-175.1901
1775.000000	73.500	-174.7681
1800.000000	73.632	-174.3884
1825.000000	73.769	-174.0765
1850.000000	73.908	-173.6767
1875.000000	74.050	-173.3220
1900.000000	74.186	-172.9942
1925.000000	74.319	-172.6711
1950.000000	74.452	-172.3767
1975.000000	74.592	-172.1278
2000.000000	74.734	-171.9391
2030.000000	74.898	-171.6739
2060.000000	75.057	-171.2960
2090.000000	75.206	-171.0634
2120.000000	75.352	-170.8432
2140.000000	75.465	-170.6380
2180.000000	75.706	-170.3535
2200.000000	75.812	-170.2152
2240.000000	76.015	-169.9401
2270.000000	76.168	-169.8027
2300.000000	76.307	-169.6893
2330.000000	76.442	-169.4955
2360.000000	76.596	-169.3156
2400.000000	76.807	-169.1326
2430.000000	76.959	-169.0074
2470.000000	77.162	-168.8232
2500.000000	77.310	-168.7291
2540.000000	77.500	-168.6548
2580.000000	77.694	-168.5984
2620.000000	77.892	-168.5692
2650.000000	78.031	-168.5876
2690.000000	78.217	-168.6154
2720.000000	78.358	-168.6710
2760.000000	78.540	-168.8549
2800.000000	78.720	-169.0582
2850.000000	78.949	-169.3070
2900.000000	79.175	-169.6008
2950.000000	79.392	-169.8855
3000.000000	79.593	-170.3107
3040.000000	79.741	-170.7133
3070.000000	79.850	-171.0725
3110.000000	79.998	-171.5523
3150.000000	80.138	-172.0138
3200.000000	80.298	-172.7086
3250.000000	80.451	-173.4564
3300.000000	80.596	-174.2643
3350.000000	80.734	-175.1223
3400.000000	80.850	-176.0402
3450.000000	80.947	-177.0185
3500.000000	81.028	-178.1136
3550.000000	81.092	-179.3150
3600.000000	81.139	179.3864
3650.000000	81.163	177.9503
3700.000000	81.170	176.3687
3750.000000	81.165	174.6334
3820.000000	81.113	171.9301
3870.000000	81.023	169.8048
3950.000000	80.744	166.1019
4000.000000	80.469	163.8848
4060.000000	80.008	161.4234
4120.000000	79.413	159.4256
4180.000000	78.701	158.1635
4250.000000	77.755	157.6592
4310.000000	76.885	158.1310
4370.000000	75.991	159.4717
4440.000000	74.976	162.1744
4500.000000	74.160	165.4368
4550.000000	73.540	168.7390
4620.000000	72.787	174.0910
4680.000000	72.253	179.2247
4750.000000	71.757	-174.4628
4820.000000	71.398	-168.0677
4870.000000	71.210	-163.5706
4940.000000	71.026	-157.4804
5000.000000	70.925	-152.4872
5080.000000	70.827	-146.1600
5150.000000	70.767	-140.8015
5220.000000	70.737	-135.6986
5300.000000	70.704	-130.0992
5380.000000	70.669	-124.6273
5450.000000	70.637	-119.8840
5520.000000	70.611	-115.1741
5600.000000	70.603	-109.7144
5700.000000	70.616	-102.8080
5800.000000	70.667	-95.8778
5900.000000	70.776	-88.9111
6000.000000	70.958	-81.9036
6080.000000	71.125	-76.3064
6150.000000	71.275	-71.4100
6220.000000	71.439	-66.4786
6300.000000	71.651	-60.8219
6400.000000	71.962	-53.7841
6500.000000	72.324	-46.6667
6600.000000	72.707	-38.0683
6700.000000	73.219	-24.5113
6800.000000	73.849	-6.6915
6900.000000	74.521	12.0981
7000.000000	75.242	30.8237
7100.000000	76.019	49.2139
7200.000000	76.814	67.0116
7300.000000	77.569	84.1946
7400.000000	78.311	100.8599
7500.000000	79.126	116.8436
7620.000000	80.236	134.6576
7750.000000	81.488	151.5278
7880.000000	82.531	165.4337
8000.000000	83.054	175.8463
8120.000000	82.986	-174.7854
8250.000000	82.222	-163.4935
8380.000000	80.953	-148.9429
8500.000000	79.586	-131.8258
8620.000000	78.223	-111.3039
8750.000000	76.878	-86.0678
8850.000000	75.960	-65.0452
9000.000000	74.759	-31.5870
9120.000000	73.946	-3.6681
9250.000000	73.214	27.4050
9380.000000	72.618	59.1215
9500.000000	72.189	88.8992
9620.000000	71.904	118.9955
9750.000000	71.741	151.6635
9880.000000	71.703	-175.5575
10000.000000	71.787	-145.2799
10150.000000	72.063	-107.6226
10300.000000	72.523	-70.5405
10440.000000	73.092	-37.1368
10600.000000	73.818	-1.4379
10750.000000	74.417	28.8550
10900.000000	74.740	56.1506
11060.000000	74.592	83.4573
11200.000000	73.999	107.9259
11380.000000	72.723	142.5839
11500.000000	71.678	168.3503
11720.000000	69.682	-139.2421
11800.000000	68.982	-118.8398
12060.000000	66.924	-48.4487
12200.000000	65.989	-8.9114
12410.000000	64.823	51.7461
12500.000000	64.402	78.1559
12650.000000	63.779	122.5518
12800.000000	63.249	167.2644
13150.000000	62.202	-87.7917
13200.000000	62.060	-72.6957
13400.000000	61.534	-11.9307
13600.000000	61.173	49.2598
13800.000000	61.142	110.8003
14000.000000	61.461	172.4497
14300.000000	62.503	-96.3667
14500.000000	63.503	-37.1653
14750.000000	64.969	34.3428
15000.000000	66.481	101.1785
15250.000000	67.709	161.6846
15500.000000	68.233	-144.0886
15750.000000	67.823	-92.8276
16000.000000	66.546	-40.6052
16250.000000	64.647	13.1262
16500.000000	62.258	57.0146
16750.000000	59.550	95.2568
17000.000000	56.810	136.7856
17250.000000	54.181	-177.7102
17500.000000	51.779	-128.5999
17750.000000	49.667	-77.8467
18000.000000	47.855	-27.4031
18250.000000	46.349	22.6985
18500.000000	44.943	69.6157
18750.000000	43.324	112.0161
19000.000000	41.279	147.9033
19250.000000	38.791	-177.3325
19500.000000	36.463	-142.0779
19750.000000	34.928	-145.2742
