* Measurement data measured by REW V5.40 beta 120
* Source: Microphone (2- USB Sound Device        ), MICROPHONE (Master Volume), L, volume: 0.250
* Format: 256k Log Swept Sine, 1 sweep at 0.0 dBFS with no timing reference
* Dated: Mar 28, 2026, 9:29:44 PM
* REW Settings:
*  C-weighting compensation: Off
*  Target level: 75.0 dB
* Note: 
* Measurement: Rose Ceramics U Pop R
* Smoothing: 1/24 octave
* Frequency Step: 1/48 octave
* Start Frequency: 20.300 Hz
*
* Freq(Hz)	SPL(dB)	Phase(degrees)
20.299999	69.866	13.3483
20.600000	69.911	12.5843
20.900000	69.958	11.7120
21.200001	70.002	10.8204
21.400000	70.028	10.2211
21.799999	70.070	9.0165
22.000000	70.088	8.4133
22.400000	70.124	7.2090
22.700001	70.147	6.3100
23.000000	70.166	5.4179
23.299999	70.182	4.5380
23.600000	70.193	3.6780
24.000000	70.197	2.5769
24.299999	70.194	1.7939
24.700001	70.186	0.8094
25.000000	70.181	0.1073
25.400000	70.177	-0.8060
25.799999	70.175	-1.7270
26.200001	70.169	-2.6774
26.500000	70.160	-3.4060
26.900000	70.137	-4.3723
27.200001	70.114	-5.0717
27.600000	70.081	-5.9521
28.000000	70.052	-6.7807
28.500000	70.026	-7.7954
29.000000	69.999	-8.8351
29.500000	69.963	-9.8777
30.000000	69.919	-10.8547
30.400000	69.881	-11.5715
30.700001	69.857	-12.0886
31.100000	69.829	-12.7860
31.500000	69.803	-13.5199
32.000000	69.764	-14.4730
32.500000	69.714	-15.3900
33.000000	69.657	-16.2056
33.500000	69.603	-16.9345
34.000000	69.556	-17.6529
34.500000	69.509	-18.4249
35.000000	69.454	-19.2498
35.500000	69.386	-20.0721
36.000000	69.313	-20.8298
36.500000	69.247	-21.4986
37.000000	69.194	-22.1056
37.500000	69.148	-22.7054
38.200001	69.078	-23.6008
38.700001	69.014	-24.2695
39.500000	68.895	-25.2943
40.000000	68.822	-25.8790
40.599998	68.742	-26.5445
41.200001	68.670	-27.1979
41.799999	68.599	-27.8316
42.500000	68.511	-28.5193
43.099998	68.435	-29.0865
43.700001	68.363	-29.6805
44.400002	68.279	-30.3909
45.000000	68.204	-30.9421
45.500000	68.142	-31.3465
46.200001	68.055	-31.9090
46.799999	67.972	-32.4416
47.500000	67.864	-33.0614
48.200001	67.766	-33.5947
48.700001	67.717	-33.9515
49.400002	67.667	-34.5086
50.000000	67.612	-35.0422
50.799999	67.492	-35.7102
51.500000	67.366	-36.1663
52.200001	67.252	-36.5177
53.000000	67.142	-36.8965
53.799999	67.041	-37.3550
54.500000	66.947	-37.8083
55.200001	66.846	-38.2338
56.000000	66.733	-38.6285
57.000000	66.602	-39.0066
58.000000	66.475	-39.3863
59.000000	66.336	-39.8116
60.000000	66.199	-40.1723
60.799999	66.102	-40.4527
61.500000	66.015	-40.6970
62.200001	65.925	-40.9000
63.000000	65.829	-41.1126
64.000000	65.718	-41.4405
65.000000	65.605	-41.7148
66.000000	65.497	-41.8090
67.000000	65.397	-41.8445
68.000000	65.297	-41.9580
69.000000	65.189	-42.0860
70.000000	65.085	-42.1434
71.000000	64.988	-42.1670
72.000000	64.896	-42.1873
73.000000	64.807	-42.1971
74.000000	64.724	-42.2174
75.000000	64.642	-42.2953
76.199997	64.548	-42.4280
77.500000	64.462	-42.4827
78.800003	64.388	-42.4242
80.000000	64.316	-42.4158
81.199997	64.233	-42.6377
82.500000	64.128	-42.9724
83.800003	64.044	-43.0457
85.000000	63.994	-43.0965
86.199997	63.936	-43.2933
87.500000	63.857	-43.3988
88.500000	63.800	-43.3614
90.000000	63.725	-43.4135
91.199997	63.664	-43.6268
92.500000	63.592	-43.7886
93.800003	63.522	-43.8780
95.000000	63.468	-44.0137
96.199997	63.412	-44.1716
97.500000	63.331	-44.2308
98.800003	63.237	-44.2371
100.000000	63.159	-44.2657
101.500000	63.091	-44.3155
103.000000	63.031	-44.4637
104.400002	62.965	-44.6411
106.000000	62.880	-44.9321
107.500000	62.806	-45.1063
109.000000	62.741	-45.2074
110.599998	62.650	-45.3340
112.000000	62.562	-45.4534
113.800003	62.466	-45.5999
115.000000	62.416	-45.7315
117.199997	62.321	-45.9221
118.000000	62.281	-45.9308
120.599998	62.153	-45.9618
122.000000	62.080	-46.0258
124.099998	61.961	-46.1137
125.000000	61.910	-46.1599
126.500000	61.822	-46.2290
128.000000	61.748	-46.3334
131.500000	61.624	-46.3232
132.000000	61.600	-46.3113
134.000000	61.495	-46.2996
136.000000	61.412	-46.3057
138.000000	61.323	-46.3635
140.000000	61.199	-46.3472
143.000000	61.042	-46.1584
145.000000	60.965	-46.0881
147.500000	60.862	-46.2005
150.000000	60.750	-46.1858
152.500000	60.660	-46.0242
155.000000	60.558	-45.9349
157.500000	60.429	-45.9767
160.000000	60.320	-45.9219
162.500000	60.222	-45.7054
165.000000	60.129	-45.4992
167.500000	60.045	-45.2532
170.000000	59.963	-44.8718
172.500000	59.865	-44.5512
175.000000	59.769	-44.4714
177.500000	59.679	-44.4748
180.000000	59.593	-44.3144
182.500000	59.495	-43.9695
185.000000	59.382	-43.4513
187.500000	59.278	-42.9724
190.000000	59.187	-42.6625
192.500000	59.086	-42.3449
195.000000	58.980	-41.9946
197.500000	58.897	-41.6828
200.000000	58.847	-41.3408
203.000000	58.806	-40.9102
206.000000	58.770	-40.4525
209.000000	58.746	-40.0596
212.000000	58.730	-39.6107
214.000000	58.712	-39.2694
218.000000	58.660	-38.5662
220.000000	58.635	-38.2539
224.000000	58.588	-37.6448
227.000000	58.549	-37.1704
230.000000	58.515	-36.6835
233.000000	58.504	-36.3053
236.000000	58.505	-35.8378
240.000000	58.494	-35.1016
243.000000	58.490	-34.6671
247.000000	58.501	-33.9819
250.000000	58.498	-33.4482
254.000000	58.509	-33.1186
258.000000	58.534	-32.8393
262.000000	58.563	-32.3892
265.000000	58.586	-32.0377
269.000000	58.608	-31.5837
272.000000	58.623	-31.3265
276.000000	58.661	-31.1402
280.000000	58.711	-30.9907
285.000000	58.765	-30.8613
290.000000	58.812	-30.7928
295.000000	58.853	-30.6901
300.000000	58.890	-30.6207
304.000000	58.923	-30.5444
307.000000	58.947	-30.4974
311.000000	58.972	-30.5072
315.000000	58.996	-30.5828
320.000000	59.028	-30.6802
325.000000	59.068	-30.8124
330.000000	59.098	-31.0733
335.000000	59.123	-31.2796
340.000000	59.147	-31.4846
345.000000	59.175	-31.6347
350.000000	59.203	-31.8376
355.000000	59.218	-32.1227
360.000000	59.220	-32.4737
365.000000	59.229	-32.9199
370.000000	59.222	-33.1927
375.000000	59.200	-33.3804
382.000000	59.198	-33.7131
387.000000	59.191	-34.1509
395.000000	59.139	-34.8200
400.000000	59.116	-35.1328
406.000000	59.074	-35.3996
412.000000	59.011	-35.7236
418.000000	58.947	-36.0985
425.000000	58.881	-36.2490
431.000000	58.845	-36.2297
437.000000	58.806	-36.1944
444.000000	58.731	-36.4331
450.000000	58.666	-36.6469
455.000000	58.627	-36.6845
462.000000	58.578	-36.7524
468.000000	58.554	-36.7963
475.000000	58.519	-36.8007
482.000000	58.465	-36.7503
487.000000	58.420	-36.6545
494.000000	58.358	-36.6838
500.000000	58.322	-36.8147
508.000000	58.272	-36.8371
515.000000	58.219	-36.7454
522.000000	58.169	-36.6136
530.000000	58.120	-36.3970
538.000000	58.068	-36.2266
545.000000	58.019	-36.2422
552.000000	57.969	-36.1745
560.000000	57.920	-35.8844
570.000000	57.870	-35.5933
580.000000	57.842	-35.3918
590.000000	57.815	-35.1432
600.000000	57.768	-34.8237
608.000000	57.739	-34.7297
615.000000	57.714	-34.6934
622.000000	57.687	-34.5534
630.000000	57.660	-34.3104
640.000000	57.639	-33.9536
650.000000	57.616	-33.6886
660.000000	57.607	-33.5545
670.000000	57.607	-33.4043
680.000000	57.593	-33.2921
690.000000	57.571	-33.3804
700.000000	57.557	-33.3663
710.000000	57.536	-33.0005
720.000000	57.510	-32.7221
730.000000	57.498	-32.6402
740.000000	57.480	-32.6207
750.000000	57.451	-32.4988
762.000000	57.407	-32.3494
775.000000	57.356	-32.1203
788.000000	57.291	-31.7648
800.000000	57.232	-31.4354
812.000000	57.188	-31.1809
825.000000	57.141	-30.7193
838.000000	57.095	-30.1980
850.000000	57.055	-29.6745
862.000000	57.012	-29.1977
875.000000	56.950	-28.7506
885.000000	56.902	-28.3202
900.000000	56.851	-27.4532
912.000000	56.828	-26.7243
925.000000	56.804	-25.8841
938.000000	56.777	-25.0642
950.000000	56.756	-24.2988
962.000000	56.757	-23.4955
975.000000	56.778	-22.5377
988.000000	56.799	-21.4955
1000.000000	56.825	-20.4860
1015.000000	56.891	-19.1397
1030.000000	56.972	-18.0007
1044.000000	57.059	-17.0671
1060.000000	57.167	-16.0273
1075.000000	57.300	-15.1046
1090.000000	57.454	-14.3444
1106.000000	57.601	-13.6723
1120.000000	57.718	-13.1365
1138.000000	57.869	-12.6122
1150.000000	57.982	-12.3671
1172.000000	58.207	-11.9216
1180.000000	58.285	-11.8051
1206.000000	58.529	-11.4975
1220.000000	58.662	-11.3810
1241.000000	58.854	-11.3476
1250.000000	58.938	-11.3410
1265.000000	59.089	-11.3113
1280.000000	59.247	-11.3176
1315.000000	59.562	-11.2850
1320.000000	59.599	-11.2636
1340.000000	59.709	-11.0946
1360.000000	59.738	-10.8032
1380.000000	59.720	-10.4936
1400.000000	59.694	-10.1193
1430.000000	59.696	-9.3775
1450.000000	59.761	-8.8688
1475.000000	59.913	-8.2647
1500.000000	60.099	-7.6107
1525.000000	60.288	-7.0943
1550.000000	60.501	-6.7443
1575.000000	60.716	-6.3785
1600.000000	60.936	-6.0531
1625.000000	61.150	-5.7796
1650.000000	61.364	-5.5011
1675.000000	61.593	-5.3454
1700.000000	61.817	-5.1402
1725.000000	62.035	-4.9725
1750.000000	62.254	-4.9277
1775.000000	62.461	-4.9302
1800.000000	62.659	-4.9512
1825.000000	62.873	-4.9934
1850.000000	63.100	-5.1242
1875.000000	63.328	-5.3125
1900.000000	63.534	-5.4943
1925.000000	63.725	-5.6929
1950.000000	63.916	-5.9863
1975.000000	64.109	-6.3119
2000.000000	64.302	-6.5683
2030.000000	64.527	-6.9691
2060.000000	64.763	-7.3566
2090.000000	65.022	-7.8808
2120.000000	65.283	-8.3403
2140.000000	65.439	-8.6657
2180.000000	65.738	-9.6545
2200.000000	65.892	-10.1494
2240.000000	66.165	-11.1242
2270.000000	66.379	-11.9606
2300.000000	66.602	-12.9121
2330.000000	66.810	-13.9951
2360.000000	67.006	-15.1119
2400.000000	67.230	-16.6051
2430.000000	67.371	-17.7558
2470.000000	67.543	-19.3692
2500.000000	67.664	-20.6145
2540.000000	67.794	-22.2104
2580.000000	67.897	-23.7645
2620.000000	67.976	-25.2240
2650.000000	68.016	-26.2304
2690.000000	68.054	-27.4929
2720.000000	68.079	-28.3923
2760.000000	68.106	-29.4323
2800.000000	68.135	-30.3940
2850.000000	68.161	-31.4450
2900.000000	68.187	-32.2698
2950.000000	68.219	-33.0213
3000.000000	68.259	-33.7541
3040.000000	68.292	-34.2146
3070.000000	68.334	-34.5396
3110.000000	68.414	-34.9487
3150.000000	68.484	-35.3748
3200.000000	68.570	-36.0697
3250.000000	68.666	-36.7332
3300.000000	68.743	-37.4907
3350.000000	68.818	-38.3451
3400.000000	68.881	-39.2185
3450.000000	68.918	-40.1760
3500.000000	68.934	-41.1219
3550.000000	68.925	-42.0220
3600.000000	68.882	-42.8345
3650.000000	68.827	-43.5449
3700.000000	68.788	-44.1766
3750.000000	68.757	-44.6549
3820.000000	68.725	-45.0523
3870.000000	68.722	-45.3067
3950.000000	68.743	-45.5745
4000.000000	68.765	-45.7159
4060.000000	68.782	-45.9944
4120.000000	68.764	-46.3640
4180.000000	68.694	-46.7948
4250.000000	68.577	-47.3204
4310.000000	68.460	-47.7293
4370.000000	68.312	-48.0048
4440.000000	68.119	-48.1521
4500.000000	67.962	-48.0023
4550.000000	67.841	-47.7298
4620.000000	67.695	-47.1050
4680.000000	67.599	-46.3151
4750.000000	67.522	-45.2411
4820.000000	67.482	-44.0914
4870.000000	67.476	-43.3150
4940.000000	67.496	-42.4258
5000.000000	67.534	-41.8684
5080.000000	67.571	-41.4995
5150.000000	67.549	-41.5156
5220.000000	67.470	-41.7550
5300.000000	67.307	-42.0370
5380.000000	67.064	-42.0324
5450.000000	66.794	-41.6835
5520.000000	66.490	-40.9517
5600.000000	66.142	-39.6569
5700.000000	65.759	-37.4626
5800.000000	65.428	-34.8962
5900.000000	65.153	-32.0647
6000.000000	64.938	-28.9495
6080.000000	64.796	-26.3807
6150.000000	64.679	-24.0328
6220.000000	64.563	-21.6552
6300.000000	64.433	-18.9496
6400.000000	64.289	-15.4988
6500.000000	64.169	-11.9736
6600.000000	64.065	-8.3119
6700.000000	63.982	-4.5432
6800.000000	63.923	-0.6646
6900.000000	63.897	3.5159
7000.000000	63.914	7.9373
7100.000000	63.993	12.4496
7200.000000	64.166	17.1400
7300.000000	64.447	22.0192
7400.000000	64.844	26.9056
7500.000000	65.386	31.5891
7620.000000	66.250	36.5959
7750.000000	67.398	40.9800
7880.000000	68.699	43.6077
8000.000000	69.958	43.3195
8120.000000	71.103	39.4060
8250.000000	71.891	30.8675
8380.000000	71.875	19.7047
8500.000000	71.082	10.1287
8620.000000	69.749	3.5864
8750.000000	68.072	0.6238
8850.000000	66.802	0.8580
9000.000000	65.059	4.0812
9120.000000	63.845	8.1763
9250.000000	62.681	13.4987
9380.000000	61.633	19.4108
9500.000000	60.757	25.2667
9620.000000	59.970	31.3429
9750.000000	59.215	38.1484
9880.000000	58.542	45.2900
10000.000000	57.975	52.0804
10150.000000	57.324	60.6928
10300.000000	56.733	69.5048
10440.000000	56.222	77.8532
10600.000000	55.684	87.5930
10750.000000	55.233	96.9661
10900.000000	54.849	106.4785
11060.000000	54.520	116.6949
11200.000000	54.284	125.8340
11380.000000	54.041	137.7876
11500.000000	53.913	145.7799
11720.000000	53.821	160.5399
11800.000000	53.849	165.8918
12060.000000	54.132	-177.0315
12200.000000	54.372	-168.3260
12410.000000	54.786	-156.0437
12500.000000	54.982	-151.0789
12650.000000	55.335	-143.1498
12800.000000	55.689	-135.6123
13150.000000	56.301	-120.1895
13200.000000	56.349	-118.2100
13400.000000	56.472	-110.9560
13600.000000	56.524	-104.8853
13800.000000	56.512	-99.6500
14000.000000	56.372	-94.8338
14300.000000	55.892	-86.8830
14500.000000	55.465	-80.2623
14750.000000	54.840	-70.0976
15000.000000	54.238	-57.6508
15250.000000	53.748	-43.5260
15500.000000	53.320	-28.5703
15750.000000	52.994	-13.3043
16000.000000	52.986	2.1707
16250.000000	53.475	16.8066
16500.000000	54.447	29.4456
16750.000000	55.718	38.1989
17000.000000	56.883	41.5156
17250.000000	57.389	40.1605
17500.000000	56.909	37.6201
17750.000000	55.605	38.0544
18000.000000	53.937	43.4973
18250.000000	52.381	53.1843
18500.000000	51.172	65.2235
18750.000000	50.335	77.9395
19000.000000	49.795	89.3425
19250.000000	49.359	98.2745
19500.000000	48.765	103.8813
19750.000000	47.803	106.5358
