* Measurement data measured by REW V5.20.13
* Source: Microphone (USB Audio Device), no input selected, R, volume: 0.250
* Format: 256k Log Swept Sine, 1 sweep at -12.0 dBFS with no timing reference
* Dated: 26-Oct-2023 16:02:50
* REW Settings:
*  C-weighting compensation: Off
*  Target level: 75.0 dB
* Note: 
* Measurement: SIMGOT EA1000 Stock L
* Smoothing: 1/12 octave
* Frequency Step: 1/48 octave
* Start Frequency: 20.300 Hz
*
* Freq(Hz)	SPL(dB)	Phase(degrees)
20.299999	77.988	-74.7641
20.600000	78.039	-75.4834
20.900000	78.162	-76.9692
21.200001	78.293	-78.4871
21.400000	78.381	-79.4126
21.799999	78.560	-81.0232
22.000000	78.654	-81.7165
22.400000	78.849	-82.9637
22.700001	78.996	-83.8550
23.000000	79.135	-84.7704
23.299999	79.254	-85.7255
23.600000	79.347	-86.7005
24.000000	79.426	-87.9652
24.299999	79.459	-88.8308
24.700001	79.483	-89.8438
25.000000	79.497	-90.5235
25.400000	79.522	-91.3969
25.799999	79.556	-92.3123
26.200001	79.598	-93.2987
26.500000	79.637	-94.0803
26.900000	79.709	-95.1881
27.200001	79.781	-96.1051
27.600000	79.901	-97.5132
28.000000	80.031	-99.1763
28.500000	80.171	-101.4864
29.000000	80.266	-103.6532
29.500000	80.343	-105.2811
30.000000	80.450	-106.2819
30.400000	80.575	-106.8128
30.700001	80.687	-107.1849
31.100000	80.839	-107.7810
31.500000	80.970	-108.5501
32.000000	81.082	-109.7370
32.500000	81.136	-111.0831
33.000000	81.154	-112.4897
33.500000	81.167	-113.8895
34.000000	81.204	-115.2325
34.500000	81.279	-116.4959
35.000000	81.388	-117.6864
35.500000	81.509	-118.8200
36.000000	81.615	-119.8918
36.500000	81.694	-120.8757
37.000000	81.749	-121.7593
37.500000	81.795	-122.5829
38.200001	81.864	-123.8012
38.700001	81.912	-124.7969
39.500000	81.950	-126.4694
40.000000	81.946	-127.3827
40.599998	81.933	-128.2312
41.200001	81.944	-128.8834
41.799999	82.000	-129.5432
42.500000	82.109	-130.5743
43.099998	82.204	-131.7369
43.700001	82.268	-133.0359
44.400002	82.286	-134.5169
45.000000	82.256	-135.6472
45.500000	82.210	-136.4633
46.200001	82.141	-137.3946
46.799999	82.112	-138.0092
47.500000	82.139	-138.5867
48.200001	82.224	-139.0815
48.700001	82.306	-139.4172
49.400002	82.426	-139.9773
50.000000	82.512	-140.6830
50.799999	82.578	-142.0193
51.500000	82.594	-143.4097
52.200001	82.587	-144.7922
53.000000	82.556	-146.1224
53.799999	82.513	-147.0477
54.500000	82.489	-147.6582
55.200001	82.487	-148.3176
56.000000	82.490	-149.2163
57.000000	82.480	-150.3463
58.000000	82.464	-151.3974
59.000000	82.461	-152.5747
60.000000	82.460	-153.7996
60.799999	82.454	-154.5414
61.500000	82.450	-154.9760
62.200001	82.451	-155.3465
63.000000	82.451	-155.8648
64.000000	82.435	-156.7009
65.000000	82.398	-157.6122
66.000000	82.352	-158.5242
67.000000	82.315	-159.4292
68.000000	82.302	-160.3183
69.000000	82.301	-161.1909
70.000000	82.288	-162.0099
71.000000	82.260	-162.7167
72.000000	82.238	-163.3063
73.000000	82.227	-163.8365
74.000000	82.216	-164.3872
75.000000	82.197	-165.0264
76.199997	82.164	-165.8979
77.500000	82.121	-166.7545
78.800003	82.066	-167.3934
80.000000	82.011	-167.9480
81.199997	81.968	-168.6272
82.500000	81.940	-169.4464
83.800003	81.924	-170.2133
85.000000	81.912	-170.8390
86.199997	81.892	-171.3823
87.500000	81.861	-171.9274
88.500000	81.833	-172.3672
90.000000	81.783	-173.0857
91.199997	81.735	-173.6744
92.500000	81.673	-174.2730
93.800003	81.612	-174.8506
95.000000	81.563	-175.4122
96.199997	81.522	-175.9864
97.500000	81.487	-176.5715
98.800003	81.456	-177.1022
100.000000	81.423	-177.5371
101.500000	81.371	-177.9918
103.000000	81.320	-178.3803
104.400002	81.280	-178.7401
106.000000	81.231	-179.1972
107.500000	81.177	-179.6458
109.000000	81.123	179.9182
110.599998	81.070	179.4352
112.000000	81.026	178.9921
113.800003	80.959	178.4379
115.000000	80.908	178.0842
117.199997	80.816	177.4342
118.000000	80.783	177.1949
120.599998	80.683	176.5071
122.000000	80.629	176.2180
124.099998	80.533	175.8511
125.000000	80.488	175.7195
126.500000	80.413	175.5397
128.000000	80.348	175.3942
131.500000	80.226	175.0922
132.000000	80.210	175.0432
134.000000	80.146	174.7778
136.000000	80.087	174.4037
138.000000	80.033	174.0106
140.000000	79.968	173.6749
143.000000	79.842	173.3869
145.000000	79.750	173.2623
147.500000	79.635	173.1255
150.000000	79.505	173.1838
152.500000	79.376	173.4624
155.000000	79.278	173.7887
157.500000	79.215	174.1534
160.000000	79.175	174.5189
162.500000	79.150	174.7909
165.000000	79.128	174.9833
167.500000	79.105	175.1564
170.000000	79.085	175.3582
172.500000	79.079	175.6275
175.000000	79.084	175.9231
177.500000	79.096	176.1017
180.000000	79.121	176.0983
182.500000	79.160	175.9277
185.000000	79.195	175.6124
187.500000	79.210	175.2142
190.000000	79.210	174.7964
192.500000	79.200	174.3758
195.000000	79.175	173.9647
197.500000	79.133	173.5861
200.000000	79.081	173.2116
203.000000	79.013	172.7360
206.000000	78.939	172.3369
209.000000	78.862	172.0997
212.000000	78.789	171.9807
214.000000	78.744	171.9271
218.000000	78.667	171.8311
220.000000	78.635	171.7763
224.000000	78.567	171.6399
227.000000	78.509	171.5334
230.000000	78.450	171.4432
233.000000	78.394	171.3914
236.000000	78.345	171.3871
240.000000	78.290	171.4173
243.000000	78.250	171.4558
247.000000	78.191	171.5349
250.000000	78.144	171.6133
254.000000	78.074	171.7105
258.000000	77.997	171.7559
262.000000	77.914	171.7204
265.000000	77.851	171.6891
269.000000	77.774	171.7755
272.000000	77.728	171.9684
276.000000	77.683	172.3188
280.000000	77.641	172.6609
285.000000	77.573	173.0001
290.000000	77.488	173.2711
295.000000	77.399	173.5467
300.000000	77.322	173.8394
304.000000	77.273	174.1203
307.000000	77.241	174.3641
311.000000	77.203	174.7102
315.000000	77.162	175.0531
320.000000	77.115	175.4897
325.000000	77.073	175.9688
330.000000	77.030	176.4586
335.000000	76.996	176.8366
340.000000	76.989	177.0436
345.000000	76.994	177.1747
350.000000	76.998	177.3043
355.000000	76.999	177.4501
360.000000	76.980	177.6537
365.000000	76.931	177.9180
370.000000	76.866	178.1631
375.000000	76.811	178.3179
382.000000	76.767	178.4734
387.000000	76.745	178.6753
395.000000	76.696	179.2247
400.000000	76.661	179.5834
406.000000	76.621	179.9263
412.000000	76.582	-179.7683
418.000000	76.545	-179.4398
425.000000	76.502	-179.0464
431.000000	76.462	-178.7080
437.000000	76.426	-178.3449
444.000000	76.388	-177.9199
450.000000	76.356	-177.6039
455.000000	76.333	-177.3569
462.000000	76.305	-176.9075
468.000000	76.283	-176.3693
475.000000	76.261	-175.6753
482.000000	76.243	-175.0563
487.000000	76.230	-174.6864
494.000000	76.215	-174.2422
500.000000	76.210	-173.8976
508.000000	76.206	-173.4454
515.000000	76.195	-173.0182
522.000000	76.170	-172.5497
530.000000	76.133	-171.9553
538.000000	76.102	-171.3394
545.000000	76.085	-170.8750
552.000000	76.072	-170.5001
560.000000	76.053	-170.0927
570.000000	76.031	-169.5243
580.000000	76.031	-168.8083
590.000000	76.050	-167.9272
600.000000	76.069	-167.1342
608.000000	76.068	-166.6059
615.000000	76.057	-166.1483
622.000000	76.045	-165.6622
630.000000	76.040	-165.0881
640.000000	76.046	-164.4193
650.000000	76.056	-163.8095
660.000000	76.061	-163.2158
670.000000	76.059	-162.6620
680.000000	76.059	-162.1376
690.000000	76.067	-161.5508
700.000000	76.080	-160.8393
710.000000	76.100	-160.0849
720.000000	76.130	-159.3741
730.000000	76.162	-158.6977
740.000000	76.197	-158.0340
750.000000	76.229	-157.3598
762.000000	76.263	-156.4879
775.000000	76.302	-155.5180
788.000000	76.333	-154.5952
800.000000	76.360	-153.7781
812.000000	76.393	-153.0043
825.000000	76.440	-152.1796
838.000000	76.497	-151.3271
850.000000	76.544	-150.5135
862.000000	76.583	-149.6997
875.000000	76.622	-148.7675
885.000000	76.651	-147.9403
900.000000	76.702	-146.4123
912.000000	76.785	-144.9853
925.000000	76.951	-143.6086
938.000000	77.166	-142.8362
950.000000	77.345	-142.6202
962.000000	77.479	-142.5518
975.000000	77.586	-142.3562
988.000000	77.676	-141.9662
1000.000000	77.752	-141.5090
1015.000000	77.841	-140.9297
1030.000000	77.938	-140.3846
1044.000000	78.038	-139.8971
1060.000000	78.157	-139.3553
1075.000000	78.276	-138.8918
1090.000000	78.402	-138.5014
1106.000000	78.536	-138.1656
1120.000000	78.651	-137.8970
1138.000000	78.799	-137.5050
1150.000000	78.900	-137.2029
1172.000000	79.083	-136.6318
1180.000000	79.148	-136.4471
1206.000000	79.355	-135.9820
1220.000000	79.458	-135.7819
1241.000000	79.605	-135.4691
1250.000000	79.666	-135.3226
1265.000000	79.768	-135.0719
1280.000000	79.866	-134.8266
1315.000000	80.082	-134.2483
1320.000000	80.113	-134.1634
1340.000000	80.240	-133.8393
1360.000000	80.368	-133.5454
1380.000000	80.492	-133.2594
1400.000000	80.604	-132.9722
1430.000000	80.756	-132.5612
1450.000000	80.863	-132.2803
1475.000000	81.005	-131.9052
1500.000000	81.153	-131.5180
1525.000000	81.304	-131.1434
1550.000000	81.463	-130.7727
1575.000000	81.633	-130.4245
1600.000000	81.807	-130.1208
1625.000000	81.981	-129.8540
1650.000000	82.160	-129.6230
1675.000000	82.347	-129.3824
1700.000000	82.538	-129.1096
1725.000000	82.724	-128.8852
1750.000000	82.909	-128.7316
1775.000000	83.098	-128.6041
1800.000000	83.293	-128.5023
1825.000000	83.491	-128.4364
1850.000000	83.687	-128.3753
1875.000000	83.883	-128.3217
1900.000000	84.083	-128.3294
1925.000000	84.286	-128.4292
1950.000000	84.490	-128.5943
1975.000000	84.694	-128.7972
2000.000000	84.899	-129.0432
2030.000000	85.147	-129.4172
2060.000000	85.398	-129.8934
2090.000000	85.648	-130.4632
2120.000000	85.892	-131.1264
2140.000000	86.049	-131.6176
2180.000000	86.350	-132.6969
2200.000000	86.495	-133.2799
2240.000000	86.774	-134.5374
2270.000000	86.970	-135.5725
2300.000000	87.152	-136.6784
2330.000000	87.318	-137.8562
2360.000000	87.469	-139.1169
2400.000000	87.653	-140.8830
2430.000000	87.776	-142.2147
2470.000000	87.914	-143.9732
2500.000000	88.001	-145.3004
2540.000000	88.097	-147.0967
2580.000000	88.171	-148.8798
2620.000000	88.219	-150.6078
2650.000000	88.239	-151.8679
2690.000000	88.247	-153.5065
2720.000000	88.242	-154.7055
2760.000000	88.224	-156.2505
2800.000000	88.192	-157.7072
2850.000000	88.134	-159.3766
2900.000000	88.063	-160.8827
2950.000000	87.980	-162.2355
3000.000000	87.884	-163.4210
3040.000000	87.800	-164.2736
3070.000000	87.734	-164.8637
3110.000000	87.646	-165.5790
3150.000000	87.559	-166.2134
3200.000000	87.451	-166.9158
3250.000000	87.343	-167.5273
3300.000000	87.241	-168.0270
3350.000000	87.146	-168.4171
3400.000000	87.054	-168.7085
3450.000000	86.969	-168.9088
3500.000000	86.891	-169.0351
3550.000000	86.824	-169.1174
3600.000000	86.767	-169.1733
3650.000000	86.720	-169.2114
3700.000000	86.681	-169.2380
3750.000000	86.650	-169.2560
3820.000000	86.620	-169.2644
3870.000000	86.606	-169.2578
3950.000000	86.601	-169.2649
4000.000000	86.608	-169.3089
4060.000000	86.624	-169.4035
4120.000000	86.648	-169.5502
4180.000000	86.680	-169.7963
4250.000000	86.720	-170.2587
4310.000000	86.752	-170.7852
4370.000000	86.776	-171.3785
4440.000000	86.795	-172.1397
4500.000000	86.804	-172.8736
4550.000000	86.806	-173.5463
4620.000000	86.795	-174.5635
4680.000000	86.772	-175.4753
4750.000000	86.730	-176.5455
4820.000000	86.673	-177.6071
4870.000000	86.622	-178.3620
4940.000000	86.534	-179.4423
5000.000000	86.442	179.5945
5080.000000	86.298	178.2858
5150.000000	86.153	177.1783
5220.000000	85.990	176.1604
5300.000000	85.780	175.1190
5380.000000	85.544	174.1885
5450.000000	85.319	173.4738
5520.000000	85.084	172.8768
5600.000000	84.808	172.3716
5700.000000	84.456	172.0468
5800.000000	84.103	172.1016
5900.000000	83.760	172.5297
6000.000000	83.449	173.2762
6080.000000	83.241	173.9997
6150.000000	83.085	174.5884
6220.000000	82.936	175.1021
6300.000000	82.763	175.7041
6400.000000	82.554	176.6523
6500.000000	82.376	177.8414
6600.000000	82.243	179.1344
6700.000000	82.161	-179.5586
6800.000000	82.128	-178.2374
6900.000000	82.143	-176.9461
7000.000000	82.207	-175.7591
7100.000000	82.315	-174.7440
7200.000000	82.464	-173.9674
7300.000000	82.653	-173.5075
7400.000000	82.874	-173.4038
7500.000000	83.116	-173.6868
7620.000000	83.411	-174.6188
7750.000000	83.701	-176.4689
7880.000000	83.917	-179.2522
8000.000000	84.017	177.4099
8120.000000	84.000	173.5089
8250.000000	83.826	168.9723
8380.000000	83.475	164.5111
8500.000000	82.996	160.7754
8620.000000	82.393	157.6147
8750.000000	81.634	155.0018
8850.000000	80.993	153.6190
9000.000000	79.973	152.5973
9120.000000	79.132	152.7264
9250.000000	78.222	153.8238
9380.000000	77.343	155.8282
9500.000000	76.595	158.3348
9620.000000	75.930	161.3358
9750.000000	75.311	165.0280
9880.000000	74.797	169.0469
10000.000000	74.410	172.9006
10150.000000	74.035	177.8086
10300.000000	73.769	-177.2134
10440.000000	73.620	-172.5672
10600.000000	73.567	-167.3316
10750.000000	73.629	-162.5503
10900.000000	73.812	-157.9103
11060.000000	74.157	-153.1026
11200.000000	74.594	-149.0761
11380.000000	75.364	-144.3168
11500.000000	76.021	-141.5418
11720.000000	77.547	-137.8614
11800.000000	78.195	-137.1981
12060.000000	80.451	-139.1110
12200.000000	81.581	-143.6876
12410.000000	82.809	-155.9308
12500.000000	83.080	-162.7813
12650.000000	83.127	-175.0423
12800.000000	82.677	173.3980
13150.000000	80.276	155.9027
13200.000000	79.857	154.5379
13400.000000	78.178	151.0468
13600.000000	76.601	149.5433
13800.000000	75.142	149.0306
14000.000000	73.758	149.3331
14300.000000	71.768	152.1083
14500.000000	70.557	155.8368
14750.000000	69.312	162.2773
15000.000000	68.479	169.5524
15250.000000	68.153	176.1301
15500.000000	68.332	-179.1835
15750.000000	68.867	-177.2753
16000.000000	69.499	-178.8403
16250.000000	69.990	175.4769
16500.000000	70.178	163.6154
16750.000000	69.987	137.8716
17000.000000	69.425	74.7262
17250.000000	68.534	-80.6235
17500.000000	67.328	-66.3212
17750.000000	65.856	-49.6156
18000.000000	64.275	54.7407
18250.000000	62.855	-47.6309
18500.000000	61.896	-96.2207
18750.000000	61.554	31.3213
19000.000000	61.687	-126.4062
19250.000000	61.963	-88.4336
19500.000000	62.139	32.9414
19750.000000	62.127	57.8867
