* Measurement data measured by REW V5.40 beta 100
* Source: Microphone (2- USB Sound Device        ), MICROPHONE (Master Volume), L, volume: 1.000
* Format: 256k Log Swept Sine, 1 sweep at -12.0 dBFS with no timing reference
* Dated: 25-Sep-2025 10:24:58
* REW Settings:
*  C-weighting compensation: Off
*  Target level: 75.0 dB
* Note: 
* Measurement: L SoundPEATS H3 ANC R Sep 25
* Smoothing: 1/24 octave
* Frequency Step: 1/48 octave
* Start Frequency: 20.000 Hz
*
* Freq(Hz)	SPL(dB)	Phase(degrees)
20.000000	85.449	-134.1948
20.299999	85.514	-135.6759
20.600000	85.577	-137.1468
20.900000	85.639	-138.6107
21.200001	85.700	-140.0701
21.400000	85.739	-141.0409
21.799999	85.806	-142.9733
22.000000	85.836	-143.9301
22.400000	85.887	-145.8076
22.700001	85.918	-147.1682
23.000000	85.941	-148.4751
23.299999	85.960	-149.7215
23.600000	85.974	-150.9054
24.000000	85.987	-152.3928
24.299999	85.991	-153.4502
24.700001	85.992	-154.8029
25.000000	85.989	-155.7878
25.400000	85.978	-157.0724
25.799999	85.958	-158.3205
26.200001	85.928	-159.5181
26.500000	85.901	-160.3787
26.900000	85.865	-161.4876
27.200001	85.838	-162.3074
27.600000	85.801	-163.4063
28.000000	85.761	-164.5121
28.500000	85.702	-165.8590
29.000000	85.637	-167.1111
29.500000	85.581	-168.2807
30.000000	85.537	-169.4332
30.400000	85.502	-170.3612
30.700001	85.472	-171.0458
31.100000	85.427	-171.9158
31.500000	85.383	-172.7204
32.000000	85.334	-173.6554
32.500000	85.292	-174.5610
33.000000	85.247	-175.4566
33.500000	85.193	-176.3172
34.000000	85.136	-177.1195
34.500000	85.080	-177.8734
35.000000	85.024	-178.6068
35.500000	84.967	-179.3371
36.000000	84.909	179.9353
36.500000	84.852	179.2193
37.000000	84.797	178.5260
37.500000	84.743	177.8629
38.200001	84.671	176.9752
38.700001	84.624	176.3485
39.500000	84.553	175.3349
40.000000	84.507	174.7105
40.599998	84.451	173.9922
41.200001	84.398	173.3037
41.799999	84.348	172.6320
42.500000	84.288	171.8765
43.099998	84.232	171.2598
43.700001	84.175	170.6528
44.400002	84.105	169.9483
45.000000	84.042	169.3870
45.500000	83.991	168.9654
46.200001	83.931	168.3836
46.799999	83.885	167.8225
47.500000	83.826	167.1157
48.200001	83.761	166.4547
48.700001	83.721	166.0241
49.400002	83.676	165.4286
50.000000	83.631	164.9100
50.799999	83.544	164.2510
51.500000	83.462	163.7070
52.200001	83.384	163.1763
53.000000	83.301	162.6214
53.799999	83.231	162.0966
54.500000	83.178	161.5863
55.200001	83.117	161.0423
56.000000	83.037	160.4579
57.000000	82.933	159.8185
58.000000	82.836	159.2496
59.000000	82.752	158.6497
60.000000	82.667	157.9596
60.799999	82.594	157.3976
61.500000	82.527	156.9301
62.200001	82.461	156.4910
63.000000	82.387	156.0258
64.000000	82.299	155.4999
65.000000	82.216	154.9845
66.000000	82.130	154.4422
67.000000	82.037	153.9342
68.000000	81.943	153.4586
69.000000	81.846	152.9962
70.000000	81.752	152.5259
71.000000	81.659	152.0065
72.000000	81.562	151.5104
73.000000	81.469	151.0722
74.000000	81.379	150.6566
75.000000	81.291	150.2564
76.199997	81.185	149.7552
77.500000	81.059	149.1909
78.800003	80.927	148.6974
80.000000	80.809	148.2921
81.199997	80.695	147.9092
82.500000	80.579	147.4617
83.800003	80.463	146.9490
85.000000	80.347	146.4608
86.199997	80.218	146.0346
87.500000	80.079	145.6842
88.500000	79.982	145.4286
90.000000	79.839	144.9921
91.199997	79.723	144.6055
92.500000	79.593	144.2004
93.800003	79.465	143.8378
95.000000	79.346	143.5053
96.199997	79.220	143.1791
97.500000	79.077	142.8851
98.800003	78.934	142.6199
100.000000	78.803	142.3665
101.500000	78.644	142.0862
103.000000	78.494	141.8126
104.400002	78.351	141.5338
106.000000	78.180	141.2361
107.500000	78.016	140.9798
109.000000	77.847	140.7036
110.599998	77.651	140.4473
112.000000	77.474	140.3336
113.800003	77.252	140.2774
115.000000	77.107	140.2343
117.199997	76.832	140.1311
118.000000	76.729	140.1249
120.599998	76.400	140.2145
122.000000	76.219	140.2902
124.099998	75.934	140.5291
125.000000	75.814	140.6978
126.500000	75.620	140.9926
128.000000	75.427	141.2921
131.500000	74.966	142.0367
132.000000	74.897	142.1653
134.000000	74.621	142.8229
136.000000	74.360	143.6395
138.000000	74.105	144.5609
140.000000	73.850	145.6336
143.000000	73.491	147.4083
145.000000	73.271	148.6505
147.500000	73.016	150.3348
150.000000	72.787	152.3052
152.500000	72.600	154.4307
155.000000	72.445	156.5349
157.500000	72.319	158.5797
160.000000	72.221	160.7150
162.500000	72.156	162.9510
165.000000	72.118	165.1290
167.500000	72.106	167.2128
170.000000	72.123	169.1456
172.500000	72.164	170.9556
175.000000	72.236	172.6110
177.500000	72.318	174.0568
180.000000	72.391	175.3841
182.500000	72.457	176.6006
185.000000	72.519	177.6857
187.500000	72.575	178.6428
190.000000	72.628	179.5268
192.500000	72.688	-179.6090
195.000000	72.760	-178.7740
197.500000	72.839	-177.9968
200.000000	72.916	-177.3642
203.000000	73.015	-176.8262
206.000000	73.144	-176.3262
209.000000	73.283	-175.7778
212.000000	73.394	-175.2993
214.000000	73.452	-175.0750
218.000000	73.556	-174.6893
220.000000	73.600	-174.4883
224.000000	73.667	-174.1143
227.000000	73.706	-173.8582
230.000000	73.739	-173.5812
233.000000	73.769	-173.3208
236.000000	73.798	-173.0901
240.000000	73.829	-172.7569
243.000000	73.847	-172.5438
247.000000	73.860	-172.3090
250.000000	73.863	-172.0789
254.000000	73.866	-171.7486
258.000000	73.870	-171.4489
262.000000	73.874	-171.0786
265.000000	73.878	-170.8080
269.000000	73.885	-170.5308
272.000000	73.884	-170.3249
276.000000	73.869	-169.9865
280.000000	73.858	-169.6450
285.000000	73.855	-169.1716
290.000000	73.837	-168.6415
295.000000	73.814	-168.1456
300.000000	73.796	-167.6345
304.000000	73.782	-167.2386
307.000000	73.775	-166.9597
311.000000	73.767	-166.5232
315.000000	73.756	-166.0758
320.000000	73.740	-165.5154
325.000000	73.732	-164.8757
330.000000	73.727	-164.3119
335.000000	73.713	-163.8182
340.000000	73.701	-163.2834
345.000000	73.699	-162.7148
350.000000	73.690	-162.1788
355.000000	73.665	-161.6484
360.000000	73.645	-161.0640
365.000000	73.630	-160.4033
370.000000	73.618	-159.6523
375.000000	73.615	-158.9414
382.000000	73.651	-158.0111
387.000000	73.682	-157.3262
395.000000	73.720	-156.3841
400.000000	73.738	-155.8183
406.000000	73.757	-155.1073
412.000000	73.783	-154.4682
418.000000	73.814	-153.8410
425.000000	73.852	-153.1240
431.000000	73.898	-152.5838
437.000000	73.935	-151.9923
444.000000	73.968	-151.2900
450.000000	74.007	-150.7891
455.000000	74.037	-150.4212
462.000000	74.070	-149.9227
468.000000	74.097	-149.4356
475.000000	74.126	-148.7902
482.000000	74.156	-148.2153
487.000000	74.189	-147.8773
494.000000	74.250	-147.3892
500.000000	74.303	-146.9486
508.000000	74.364	-146.3669
515.000000	74.411	-145.9203
522.000000	74.453	-145.4650
530.000000	74.495	-144.9280
538.000000	74.540	-144.5472
545.000000	74.587	-144.2232
552.000000	74.632	-143.8528
560.000000	74.677	-143.4305
570.000000	74.726	-142.9176
580.000000	74.771	-142.4524
590.000000	74.816	-142.0193
600.000000	74.861	-141.5166
608.000000	74.891	-141.1762
615.000000	74.910	-140.9050
622.000000	74.931	-140.6342
630.000000	74.967	-140.2536
640.000000	75.018	-139.7783
650.000000	75.062	-139.4976
660.000000	75.084	-139.1799
670.000000	75.100	-138.6983
680.000000	75.120	-138.2962
690.000000	75.144	-137.9244
700.000000	75.165	-137.5407
710.000000	75.175	-137.1315
720.000000	75.191	-136.6136
730.000000	75.219	-136.1051
740.000000	75.236	-135.6838
750.000000	75.242	-135.1654
762.000000	75.234	-134.5308
775.000000	75.232	-133.9701
788.000000	75.256	-133.3669
800.000000	75.277	-132.7157
812.000000	75.291	-132.0072
825.000000	75.301	-131.1376
838.000000	75.313	-130.3442
850.000000	75.333	-129.6424
862.000000	75.355	-128.8677
875.000000	75.382	-128.0343
885.000000	75.408	-127.3761
900.000000	75.447	-126.2937
912.000000	75.481	-125.3841
925.000000	75.535	-124.4530
938.000000	75.601	-123.5721
950.000000	75.664	-122.6925
962.000000	75.727	-121.8367
975.000000	75.806	-120.9158
988.000000	75.902	-119.9081
1000.000000	75.999	-119.0053
1015.000000	76.121	-118.0174
1030.000000	76.241	-117.1311
1044.000000	76.358	-116.3497
1060.000000	76.502	-115.4535
1075.000000	76.646	-114.6686
1090.000000	76.796	-113.9893
1106.000000	76.963	-113.3689
1120.000000	77.117	-112.8374
1138.000000	77.311	-112.2403
1150.000000	77.435	-111.9280
1172.000000	77.663	-111.4487
1180.000000	77.750	-111.2697
1206.000000	78.040	-110.7664
1220.000000	78.195	-110.5696
1241.000000	78.442	-110.3267
1250.000000	78.556	-110.2550
1265.000000	78.756	-110.1636
1280.000000	78.959	-110.1015
1315.000000	79.412	-110.1655
1320.000000	79.468	-110.1824
1340.000000	79.655	-110.2802
1360.000000	79.768	-110.4165
1380.000000	79.826	-110.5642
1400.000000	79.859	-110.7649
1430.000000	79.942	-111.0727
1450.000000	80.035	-111.2812
1475.000000	80.188	-111.5331
1500.000000	80.360	-111.7912
1525.000000	80.538	-112.1337
1550.000000	80.702	-112.5030
1575.000000	80.855	-112.8224
1600.000000	81.004	-113.0965
1625.000000	81.156	-113.3707
1650.000000	81.302	-113.7059
1675.000000	81.423	-114.0276
1700.000000	81.540	-114.2389
1725.000000	81.652	-114.4946
1750.000000	81.758	-114.7482
1775.000000	81.872	-114.9467
1800.000000	81.991	-115.0724
1825.000000	82.105	-115.1940
1850.000000	82.224	-115.3464
1875.000000	82.340	-115.4857
1900.000000	82.459	-115.6374
1925.000000	82.581	-115.7849
1950.000000	82.704	-115.9289
1975.000000	82.829	-116.1063
2000.000000	82.956	-116.3299
2030.000000	83.108	-116.6287
2060.000000	83.265	-116.9789
2090.000000	83.429	-117.3281
2120.000000	83.597	-117.6934
2140.000000	83.708	-118.0131
2180.000000	83.947	-118.7494
2200.000000	84.072	-119.1221
2240.000000	84.317	-119.9574
2270.000000	84.488	-120.7576
2300.000000	84.655	-121.6700
2330.000000	84.823	-122.6195
2360.000000	84.990	-123.6329
2400.000000	85.205	-125.1434
2430.000000	85.357	-126.4420
2470.000000	85.550	-128.3317
2500.000000	85.679	-129.8625
2540.000000	85.821	-131.9826
2580.000000	85.933	-134.2348
2620.000000	86.010	-136.6846
2650.000000	86.011	-138.6324
2690.000000	85.936	-140.7262
2720.000000	85.928	-141.9806
2760.000000	85.953	-144.0565
2800.000000	85.928	-146.3918
2850.000000	85.821	-149.2076
2900.000000	85.653	-151.7308
2950.000000	85.455	-154.1352
3000.000000	85.236	-156.2468
3040.000000	85.033	-157.7236
3070.000000	84.872	-158.7333
3110.000000	84.665	-159.9891
3150.000000	84.459	-161.1550
3200.000000	84.197	-162.4451
3250.000000	83.938	-163.4789
3300.000000	83.688	-164.3690
3350.000000	83.440	-165.1756
3400.000000	83.204	-165.9344
3450.000000	82.941	-166.7511
3500.000000	82.612	-167.1639
3550.000000	82.359	-166.7687
3600.000000	82.208	-166.8640
3650.000000	82.042	-167.3329
3700.000000	81.870	-167.8824
3750.000000	81.705	-168.5266
3820.000000	81.476	-169.5196
3870.000000	81.307	-170.3243
3950.000000	81.015	-171.6616
4000.000000	80.786	-172.4780
4060.000000	80.466	-173.3480
4120.000000	80.087	-173.9598
4180.000000	79.676	-174.2644
4250.000000	79.169	-174.2577
4310.000000	78.716	-173.9891
4370.000000	78.272	-173.4233
4440.000000	77.805	-172.4398
4500.000000	77.471	-171.5204
4550.000000	77.232	-170.7978
4620.000000	76.926	-169.8253
4680.000000	76.674	-168.9497
4750.000000	76.380	-167.8538
4820.000000	76.089	-166.6781
4870.000000	75.882	-165.7977
4940.000000	75.590	-164.4227
5000.000000	75.343	-163.0925
5080.000000	75.033	-161.2057
5150.000000	74.776	-159.4591
5220.000000	74.545	-157.5158
5300.000000	74.320	-155.2073
5380.000000	74.140	-152.8730
5450.000000	74.021	-150.7539
5520.000000	73.947	-148.6780
5600.000000	73.919	-146.4465
5700.000000	73.949	-143.9478
5800.000000	74.038	-142.0899
5900.000000	74.183	-140.8271
6000.000000	74.337	-140.0527
6080.000000	74.430	-139.7291
6150.000000	74.481	-139.6253
6220.000000	74.499	-139.6273
6300.000000	74.477	-139.6554
6400.000000	74.406	-139.6196
6500.000000	74.310	-139.4336
6600.000000	74.203	-139.0536
6700.000000	74.101	-138.4166
6800.000000	74.010	-137.6076
6900.000000	73.965	-136.5763
7000.000000	73.975	-135.2796
7100.000000	74.028	-133.9029
7200.000000	74.136	-132.5604
7300.000000	74.300	-131.2366
7400.000000	74.512	-129.9233
7500.000000	74.794	-128.5441
7620.000000	75.282	-126.7977
7750.000000	76.012	-124.8571
7880.000000	76.935	-123.4775
8000.000000	77.956	-123.9143
8120.000000	79.043	-127.2976
8250.000000	80.046	-134.9843
8380.000000	80.567	-146.0634
8500.000000	80.463	-157.4441
8620.000000	79.824	-167.9049
8750.000000	78.723	-176.7650
8850.000000	77.740	178.4268
9000.000000	76.234	174.2328
9120.000000	75.102	172.9084
9250.000000	73.992	172.7157
9380.000000	72.999	173.3298
9500.000000	72.193	174.3856
9620.000000	71.487	175.7764
9750.000000	70.811	177.5637
9880.000000	70.208	179.5751
10000.000000	69.720	-178.4033
10150.000000	69.198	-175.6936
10300.000000	68.758	-172.8282
10440.000000	68.405	-170.0526
10600.000000	68.065	-166.8436
10750.000000	67.814	-163.8094
10900.000000	67.638	-160.7710
11060.000000	67.529	-157.5559
11200.000000	67.499	-154.7647
11380.000000	67.533	-151.3215
11500.000000	67.589	-149.1337
11720.000000	67.777	-145.1758
11800.000000	67.887	-143.7971
12060.000000	68.413	-139.6405
12200.000000	68.777	-137.6817
12410.000000	69.425	-135.1799
12500.000000	69.739	-134.2708
12650.000000	70.312	-133.0287
12800.000000	70.937	-132.2142
13150.000000	72.441	-132.6135
13200.000000	72.651	-132.9837
13400.000000	73.487	-135.4643
13600.000000	74.369	-139.8620
13800.000000	75.292	-146.3970
14000.000000	76.108	-154.8559
14300.000000	76.862	-169.6000
14500.000000	76.966	-179.4664
14750.000000	76.696	169.9408
15000.000000	76.258	162.3637
15250.000000	76.006	158.1118
15500.000000	76.295	155.2231
15750.000000	77.187	148.7445
16000.000000	78.247	135.9277
16250.000000	78.868	117.2475
16500.000000	78.375	96.1345
16750.000000	76.813	77.4828
17000.000000	74.640	63.2701
17250.000000	72.128	53.7618
17500.000000	69.465	49.5109
17750.000000	67.102	49.2729
18000.000000	65.130	49.1499
18250.000000	62.995	49.2341
18500.000000	60.457	55.3479
18750.000000	58.442	72.5704
19000.000000	58.110	92.7175
19250.000000	58.871	105.5854
19500.000000	59.675	112.2094
19750.000000	60.138	115.2975
