* Measurement data measured by REW V5.31.3
* Source: Microphone (6- USB Sound Device        ), MICROPHONE (Master Volume), L, volume: 0.900
* Format: 256k Log Swept Sine, 1 sweep at -12.0 dBFS with no timing reference
* Dated: 17-Jun-2025 17:19:54
* REW Settings:
*  C-weighting compensation: Off
*  Target level: 75.0 dB
* Note: 
* Measurement: Air 5 Pro SC A L
* Smoothing: 1/12 octave
* Frequency Step: 1/48 octave
* Start Frequency: 20.300 Hz
*
* Freq(Hz)	SPL(dB)	Phase(degrees)
20.299999	79.508	55.9841
20.600000	79.424	54.4994
20.900000	79.317	52.6896
21.200001	79.201	50.8345
21.400000	79.123	49.6297
21.799999	78.971	47.3463
22.000000	78.897	46.2746
22.400000	78.753	44.2753
22.700001	78.646	42.9003
23.000000	78.539	41.6281
23.299999	78.430	40.4534
23.600000	78.319	39.3693
24.000000	78.170	38.0508
24.299999	78.058	37.1468
24.700001	77.914	36.0407
25.000000	77.813	35.2777
25.400000	77.687	34.3409
25.799999	77.571	33.4894
26.200001	77.465	32.7168
26.500000	77.389	32.1844
26.900000	77.293	31.5275
27.200001	77.223	31.0670
27.600000	77.133	30.4848
28.000000	77.047	29.9312
28.500000	76.943	29.2788
29.000000	76.845	28.6837
29.500000	76.754	28.1632
30.000000	76.671	27.7212
30.400000	76.611	27.4135
30.700001	76.569	27.1993
31.100000	76.518	26.9221
31.500000	76.471	26.6428
32.000000	76.419	26.2850
32.500000	76.371	25.9306
33.000000	76.327	25.6043
33.500000	76.288	25.3216
34.000000	76.254	25.0761
34.500000	76.225	24.8486
35.000000	76.198	24.6252
35.500000	76.173	24.4076
36.000000	76.150	24.2035
36.500000	76.133	24.0135
37.000000	76.121	23.8272
37.500000	76.114	23.6325
38.200001	76.102	23.3385
38.700001	76.092	23.1207
39.500000	76.072	22.7818
40.000000	76.063	22.5848
40.599998	76.056	22.3644
41.200001	76.058	22.1554
41.799999	76.065	21.9512
42.500000	76.075	21.7191
43.099998	76.083	21.5258
43.700001	76.092	21.3290
44.400002	76.105	21.0764
45.000000	76.119	20.8339
45.500000	76.132	20.6200
46.200001	76.152	20.3205
46.799999	76.173	20.0729
47.500000	76.202	19.7892
48.200001	76.236	19.4988
48.700001	76.263	19.2864
49.400002	76.301	18.9878
50.000000	76.333	18.7277
50.799999	76.373	18.3523
51.500000	76.404	17.9860
52.200001	76.437	17.5938
53.000000	76.476	17.1220
53.799999	76.518	16.6129
54.500000	76.556	16.1282
55.200001	76.596	15.6092
56.000000	76.645	14.9773
57.000000	76.705	14.1283
58.000000	76.760	13.2118
59.000000	76.806	12.2141
60.000000	76.842	11.1342
60.799999	76.863	10.2434
61.500000	76.878	9.4606
62.200001	76.888	8.6665
63.000000	76.892	7.7307
64.000000	76.878	6.5210
65.000000	76.845	5.2947
66.000000	76.795	4.0756
67.000000	76.732	2.8782
68.000000	76.657	1.7291
69.000000	76.570	0.6596
70.000000	76.473	-0.3317
71.000000	76.366	-1.2683
72.000000	76.252	-2.1536
73.000000	76.138	-2.9749
74.000000	76.023	-3.7280
75.000000	75.906	-4.4204
76.199997	75.757	-5.1841
77.500000	75.593	-5.9258
78.800003	75.435	-6.5868
80.000000	75.293	-7.1539
81.199997	75.149	-7.6768
82.500000	74.989	-8.1760
83.800003	74.830	-8.6085
85.000000	74.691	-8.9644
86.199997	74.554	-9.3031
87.500000	74.403	-9.6627
88.500000	74.287	-9.9355
90.000000	74.115	-10.3390
91.199997	73.978	-10.6486
92.500000	73.831	-10.9567
93.800003	73.687	-11.2352
95.000000	73.556	-11.4749
96.199997	73.424	-11.6982
97.500000	73.277	-11.9212
98.800003	73.125	-12.1362
100.000000	72.985	-12.3325
101.500000	72.813	-12.5566
103.000000	72.642	-12.7490
104.400002	72.480	-12.9072
106.000000	72.288	-13.0554
107.500000	72.102	-13.1608
109.000000	71.910	-13.2296
110.599998	71.701	-13.2557
112.000000	71.520	-13.2330
113.800003	71.288	-13.1474
115.000000	71.129	-13.0728
117.199997	70.827	-12.9011
118.000000	70.717	-12.8193
120.599998	70.357	-12.4742
122.000000	70.159	-12.2356
124.099998	69.856	-11.7870
125.000000	69.724	-11.5538
126.500000	69.502	-11.1062
128.000000	69.280	-10.5873
131.500000	68.769	-9.1125
132.000000	68.697	-8.8725
134.000000	68.408	-7.8313
136.000000	68.123	-6.6500
138.000000	67.843	-5.3296
140.000000	67.566	-3.8805
143.000000	67.170	-1.4519
145.000000	66.926	0.3227
147.500000	66.647	2.6864
150.000000	66.401	5.2243
152.500000	66.194	7.9313
155.000000	66.026	10.7345
157.500000	65.901	13.5703
160.000000	65.819	16.3915
162.500000	65.777	19.1765
165.000000	65.770	21.9368
167.500000	65.794	24.6348
170.000000	65.844	27.1907
172.500000	65.918	29.5638
175.000000	66.015	31.7711
177.500000	66.128	33.8157
180.000000	66.249	35.6697
182.500000	66.369	37.3587
185.000000	66.479	38.9274
187.500000	66.579	40.3798
190.000000	66.675	41.7029
192.500000	66.777	42.8947
195.000000	66.891	43.9600
197.500000	67.016	44.9170
200.000000	67.150	45.7904
203.000000	67.318	46.7578
206.000000	67.492	47.6391
209.000000	67.664	48.4242
212.000000	67.824	49.1317
214.000000	67.921	49.5773
218.000000	68.087	50.4200
220.000000	68.159	50.8113
224.000000	68.282	51.5225
227.000000	68.362	51.9938
230.000000	68.433	52.4274
233.000000	68.493	52.8375
236.000000	68.542	53.2325
240.000000	68.594	53.7279
243.000000	68.627	54.0674
247.000000	68.664	54.5126
250.000000	68.684	54.8776
254.000000	68.700	55.4100
258.000000	68.707	56.0117
262.000000	68.715	56.7162
265.000000	68.727	57.3048
269.000000	68.753	58.1273
272.000000	68.780	58.7341
276.000000	68.818	59.4727
280.000000	68.857	60.1119
285.000000	68.900	60.8006
290.000000	68.935	61.4086
295.000000	68.960	62.0068
300.000000	68.974	62.6387
304.000000	68.975	63.1551
307.000000	68.972	63.5331
311.000000	68.962	64.0286
315.000000	68.950	64.5410
320.000000	68.934	65.2220
325.000000	68.919	65.9236
330.000000	68.903	66.6261
335.000000	68.886	67.3459
340.000000	68.867	68.0898
345.000000	68.847	68.8305
350.000000	68.823	69.5626
355.000000	68.794	70.2940
360.000000	68.764	71.0313
365.000000	68.734	71.7922
370.000000	68.705	72.5814
375.000000	68.673	73.3862
382.000000	68.625	74.5289
387.000000	68.590	75.3891
395.000000	68.535	76.8126
400.000000	68.502	77.6890
406.000000	68.465	78.7386
412.000000	68.433	79.7743
418.000000	68.406	80.7646
425.000000	68.376	81.9069
431.000000	68.344	82.9249
437.000000	68.305	83.9758
444.000000	68.260	85.1962
450.000000	68.225	86.2485
455.000000	68.197	87.1583
462.000000	68.154	88.4697
468.000000	68.117	89.6078
475.000000	68.077	90.9296
482.000000	68.042	92.2347
487.000000	68.016	93.1546
494.000000	67.980	94.4307
500.000000	67.950	95.5224
508.000000	67.916	96.9734
515.000000	67.892	98.2361
522.000000	67.870	99.5061
530.000000	67.843	100.9708
538.000000	67.813	102.4505
545.000000	67.785	103.7411
552.000000	67.758	105.0192
560.000000	67.730	106.4767
570.000000	67.700	108.3173
580.000000	67.672	110.1808
590.000000	67.643	112.0562
600.000000	67.618	113.9161
608.000000	67.599	115.3886
615.000000	67.582	116.6825
622.000000	67.566	117.9852
630.000000	67.549	119.4771
640.000000	67.533	121.3045
650.000000	67.517	123.0603
660.000000	67.498	124.7949
670.000000	67.480	126.5688
680.000000	67.464	128.3943
690.000000	67.450	130.2638
700.000000	67.440	132.1750
710.000000	67.437	134.1387
720.000000	67.447	136.0904
730.000000	67.469	137.9165
740.000000	67.487	139.5847
750.000000	67.495	141.1523
762.000000	67.493	143.0096
775.000000	67.482	145.0973
788.000000	67.464	147.3274
800.000000	67.447	149.4564
812.000000	67.432	151.5982
825.000000	67.420	153.9472
838.000000	67.410	156.3428
850.000000	67.403	158.5840
862.000000	67.404	160.8381
875.000000	67.415	163.3074
885.000000	67.430	165.2395
900.000000	67.465	168.1618
912.000000	67.502	170.4800
925.000000	67.550	172.9642
938.000000	67.607	175.4408
950.000000	67.666	177.7248
962.000000	67.733	179.9850
975.000000	67.818	-177.6183
988.000000	67.917	-175.2819
1000.000000	68.017	-173.1625
1015.000000	68.151	-170.5574
1030.000000	68.296	-168.0253
1044.000000	68.440	-165.7473
1060.000000	68.613	-163.2369
1075.000000	68.782	-160.9590
1090.000000	68.953	-158.7622
1106.000000	69.135	-156.5184
1120.000000	69.299	-154.6535
1138.000000	69.517	-152.3984
1150.000000	69.665	-150.9600
1172.000000	69.940	-148.4370
1180.000000	70.040	-147.5544
1206.000000	70.367	-144.7639
1220.000000	70.548	-143.3133
1241.000000	70.829	-141.2441
1250.000000	70.953	-140.3979
1265.000000	71.165	-139.0346
1280.000000	71.378	-137.7246
1315.000000	71.845	-134.8647
1320.000000	71.903	-134.4754
1340.000000	72.102	-132.9574
1360.000000	72.250	-131.5011
1380.000000	72.361	-130.1118
1400.000000	72.461	-128.7923
1430.000000	72.633	-126.9316
1450.000000	72.769	-125.7889
1475.000000	72.959	-124.4914
1500.000000	73.160	-123.3064
1525.000000	73.363	-122.2083
1550.000000	73.561	-121.2230
1575.000000	73.751	-120.3449
1600.000000	73.926	-119.5472
1625.000000	74.085	-118.8349
1650.000000	74.227	-118.2182
1675.000000	74.351	-117.6913
1700.000000	74.454	-117.2381
1725.000000	74.533	-116.8380
1750.000000	74.584	-116.4715
1775.000000	74.608	-116.1171
1800.000000	74.606	-115.7571
1825.000000	74.583	-115.3819
1850.000000	74.541	-114.9693
1875.000000	74.482	-114.4933
1900.000000	74.409	-113.9485
1925.000000	74.322	-113.3371
1950.000000	74.223	-112.6456
1975.000000	74.112	-111.8650
2000.000000	73.990	-110.9915
2030.000000	73.832	-109.8347
2060.000000	73.669	-108.5662
2090.000000	73.505	-107.1772
2120.000000	73.340	-105.6745
2140.000000	73.229	-104.6112
2180.000000	73.010	-102.3257
2200.000000	72.902	-101.1121
2240.000000	72.691	-98.5826
2270.000000	72.539	-96.6066
2300.000000	72.397	-94.5588
2330.000000	72.265	-92.4606
2360.000000	72.142	-90.3395
2400.000000	71.991	-87.4767
2430.000000	71.889	-85.2978
2470.000000	71.769	-82.3734
2500.000000	71.690	-80.1689
2540.000000	71.597	-77.2006
2580.000000	71.518	-74.2082
2620.000000	71.455	-71.2217
2650.000000	71.420	-69.0039
2690.000000	71.384	-66.0765
2720.000000	71.364	-63.8959
2760.000000	71.345	-61.0060
2800.000000	71.336	-58.1472
2850.000000	71.341	-54.6489
2900.000000	71.366	-51.2482
2950.000000	71.408	-47.9766
3000.000000	71.465	-44.8076
3040.000000	71.519	-42.3108
3070.000000	71.564	-40.4656
3110.000000	71.632	-38.0606
3150.000000	71.711	-35.7468
3200.000000	71.826	-32.9852
3250.000000	71.958	-30.3454
3300.000000	72.105	-27.8297
3350.000000	72.269	-25.4666
3400.000000	72.449	-23.3037
3450.000000	72.640	-21.3950
3500.000000	72.839	-19.8057
3550.000000	73.040	-18.6021
3600.000000	73.235	-17.8397
3650.000000	73.405	-17.5464
3700.000000	73.523	-17.6821
3750.000000	73.566	-18.1024
3820.000000	73.487	-18.6850
3870.000000	73.357	-18.7716
3950.000000	73.095	-18.2590
4000.000000	72.911	-17.6802
4060.000000	72.665	-16.7742
4120.000000	72.397	-15.6458
4180.000000	72.114	-14.3020
4250.000000	71.773	-12.5032
4310.000000	71.477	-10.8110
4370.000000	71.184	-9.0192
4440.000000	70.856	-6.8293
4500.000000	70.594	-4.8799
4550.000000	70.390	-3.2062
4620.000000	70.122	-0.7903
4680.000000	69.904	1.3440
4750.000000	69.658	3.9058
4820.000000	69.415	6.5490
4870.000000	69.242	8.4868
4940.000000	68.998	11.2802
5000.000000	68.787	13.7828
5080.000000	68.506	17.3450
5150.000000	68.263	20.7260
5220.000000	68.033	24.3979
5300.000000	67.813	28.9816
5380.000000	67.670	33.8990
5450.000000	67.629	38.3111
5520.000000	67.677	42.6304
5600.000000	67.837	47.2032
5700.000000	68.152	52.1389
5800.000000	68.545	56.1864
5900.000000	68.977	59.4205
6000.000000	69.420	61.9547
6080.000000	69.765	63.5654
6150.000000	70.049	64.7360
6220.000000	70.315	65.7313
6300.000000	70.598	66.6979
6400.000000	70.929	67.7053
6500.000000	71.251	68.5443
6600.000000	71.579	69.2571
6700.000000	71.933	69.8676
6800.000000	72.332	70.3616
6900.000000	72.795	70.6450
7000.000000	73.340	70.5492
7100.000000	73.978	69.8554
7200.000000	74.706	68.2982
7300.000000	75.502	65.6074
7400.000000	76.318	61.5415
7500.000000	77.085	55.9553
7620.000000	77.808	47.3058
7750.000000	78.155	36.1962
7880.000000	77.905	24.6783
8000.000000	77.154	15.0801
8120.000000	76.024	7.3939
8250.000000	74.566	1.5721
8380.000000	73.064	-1.8823
8500.000000	71.774	-3.4746
8620.000000	70.642	-4.0619
8750.000000	69.604	-4.0468
8850.000000	68.923	-3.7953
9000.000000	68.052	-3.2657
9120.000000	67.454	-2.8386
9250.000000	66.878	-2.4811
9380.000000	66.350	-2.2891
9500.000000	65.892	-2.2257
9620.000000	65.462	-2.1958
9750.000000	65.031	-2.1483
9880.000000	64.641	-2.0901
10000.000000	64.319	-2.0764
10150.000000	63.966	-2.2531
10300.000000	63.630	-2.6526
10440.000000	63.305	-2.9880
10600.000000	62.945	-3.1431
10750.000000	62.652	-3.1115
10900.000000	62.422	-3.0074
11060.000000	62.247	-2.9055
11200.000000	62.147	-2.8679
11380.000000	62.084	-2.8724
11500.000000	62.091	-2.8582
11720.000000	62.253	-2.7590
11800.000000	62.370	-2.7567
12060.000000	62.951	-3.2804
12200.000000	63.375	-3.9933
12410.000000	64.166	-5.6692
12500.000000	64.570	-6.6552
12650.000000	65.334	-8.7754
12800.000000	66.211	-11.6636
13150.000000	68.646	-22.9360
13200.000000	69.031	-25.2495
13400.000000	70.595	-36.7585
13600.000000	72.002	-52.2180
13800.000000	72.904	-71.2112
14000.000000	73.013	-92.0175
14300.000000	71.652	-121.2746
14500.000000	70.076	-137.0455
14750.000000	67.890	-152.0067
15000.000000	65.882	-162.7360
15250.000000	64.260	-170.8116
15500.000000	63.026	-177.5991
15750.000000	62.153	175.9073
16000.000000	61.702	168.9953
16250.000000	61.749	161.0346
16500.000000	62.261	151.4262
16750.000000	63.085	139.5745
17000.000000	64.000	125.0013
17250.000000	64.747	107.6509
17500.000000	65.096	88.0692
17750.000000	64.904	67.3884
18000.000000	64.150	47.0177
18250.000000	62.943	28.1611
18500.000000	61.470	11.3958
18750.000000	59.888	-3.2752
19000.000000	58.300	-15.9672
19250.000000	56.809	-26.8789
19500.000000	55.532	-36.2444
19750.000000	54.589	-43.8466
20000.000000	54.099	-48.3660
