* Measurement data measured by REW V5.31.3
* Source: Microphone (6- USB Sound Device        ), MICROPHONE (Master Volume), L, volume: 0.900
* Format: 256k Log Swept Sine, 1 sweep at -12.0 dBFS with no timing reference
* Dated: 17-Jun-2025 17:20:49
* REW Settings:
*  C-weighting compensation: Off
*  Target level: 75.0 dB
* Note: 
* Measurement: Air 5 Pro SC A R
* Smoothing: 1/12 octave
* Frequency Step: 1/48 octave
* Start Frequency: 20.300 Hz
*
* Freq(Hz)	SPL(dB)	Phase(degrees)
20.299999	79.523	56.2901
20.600000	79.443	54.8094
20.900000	79.338	53.0212
21.200001	79.224	51.2053
21.400000	79.146	50.0330
21.799999	78.985	47.8203
22.000000	78.904	46.7847
22.400000	78.741	44.8577
22.700001	78.619	43.5384
23.000000	78.499	42.3230
23.299999	78.382	41.2032
23.600000	78.271	40.1676
24.000000	78.128	38.8962
24.299999	78.026	38.0113
24.700001	77.893	36.9108
25.000000	77.798	36.1421
25.400000	77.673	35.1938
25.799999	77.552	34.3367
26.200001	77.436	33.5731
26.500000	77.352	33.0600
26.900000	77.247	32.4473
27.200001	77.174	32.0323
27.600000	77.084	31.5225
28.000000	77.002	31.0467
28.500000	76.906	30.4848
29.000000	76.813	29.9598
29.500000	76.725	29.4827
30.000000	76.642	29.0606
30.400000	76.580	28.7596
30.700001	76.538	28.5507
31.100000	76.486	28.2867
31.500000	76.440	28.0306
32.000000	76.388	27.7125
32.500000	76.340	27.3969
33.000000	76.296	27.0943
33.500000	76.255	26.8153
34.000000	76.221	26.5608
34.500000	76.193	26.3250
35.000000	76.167	26.1057
35.500000	76.142	25.9071
36.000000	76.118	25.7309
36.500000	76.097	25.5673
37.000000	76.080	25.3974
37.500000	76.067	25.2075
38.200001	76.055	24.9129
38.700001	76.049	24.7020
39.500000	76.047	24.3995
40.000000	76.046	24.2412
40.599998	76.043	24.0828
41.200001	76.040	23.9487
41.799999	76.040	23.8136
42.500000	76.047	23.6136
43.099998	76.058	23.3916
43.700001	76.070	23.1422
44.400002	76.083	22.8611
45.000000	76.096	22.6507
45.500000	76.108	22.4930
46.200001	76.127	22.2786
46.799999	76.145	22.0885
47.500000	76.169	21.8592
48.200001	76.199	21.6277
48.700001	76.225	21.4591
49.400002	76.268	21.2079
50.000000	76.306	20.9696
50.799999	76.352	20.6173
51.500000	76.390	20.2800
52.200001	76.428	19.9101
53.000000	76.471	19.4426
53.799999	76.511	18.9440
54.500000	76.547	18.4929
55.200001	76.585	18.0141
56.000000	76.630	17.4118
57.000000	76.685	16.5909
58.000000	76.738	15.7385
59.000000	76.788	14.8439
60.000000	76.830	13.8549
60.799999	76.852	12.9889
61.500000	76.863	12.2006
62.200001	76.867	11.4073
63.000000	76.863	10.5048
64.000000	76.846	9.3666
65.000000	76.813	8.1957
66.000000	76.765	7.0087
67.000000	76.703	5.8523
68.000000	76.628	4.7607
69.000000	76.541	3.7503
70.000000	76.446	2.8166
71.000000	76.344	1.9346
72.000000	76.232	1.0960
73.000000	76.112	0.3106
74.000000	75.988	-0.4168
75.000000	75.864	-1.0789
76.199997	75.713	-1.7794
77.500000	75.550	-2.4430
78.800003	75.390	-3.0294
80.000000	75.247	-3.5196
81.199997	75.107	-3.9804
82.500000	74.958	-4.4480
83.800003	74.812	-4.8829
85.000000	74.677	-5.2600
86.199997	74.539	-5.5992
87.500000	74.386	-5.9046
88.500000	74.268	-6.1037
90.000000	74.091	-6.3700
91.199997	73.953	-6.5718
92.500000	73.808	-6.7933
93.800003	73.665	-7.0177
95.000000	73.530	-7.2220
96.199997	73.392	-7.4183
97.500000	73.242	-7.6123
98.800003	73.091	-7.7871
100.000000	72.951	-7.9290
101.500000	72.772	-8.0703
103.000000	72.594	-8.1800
104.400002	72.430	-8.2781
106.000000	72.245	-8.3869
107.500000	72.069	-8.4565
109.000000	71.885	-8.4764
110.599998	71.681	-8.4436
112.000000	71.497	-8.3646
113.800003	71.258	-8.2045
115.000000	71.095	-8.0762
117.199997	70.791	-7.8080
118.000000	70.679	-7.6956
120.599998	70.316	-7.2043
122.000000	70.120	-6.8409
124.099998	69.820	-6.1995
125.000000	69.689	-5.9037
126.500000	69.467	-5.3853
128.000000	69.243	-4.8183
131.500000	68.734	-3.2536
132.000000	68.662	-3.0008
134.000000	68.374	-1.9197
136.000000	68.084	-0.7300
138.000000	67.800	0.6000
140.000000	67.526	2.1161
143.000000	67.134	4.7414
145.000000	66.889	6.6737
147.500000	66.607	9.2158
150.000000	66.357	11.8523
152.500000	66.147	14.6184
155.000000	65.980	17.5146
157.500000	65.857	20.4593
160.000000	65.773	23.3901
162.500000	65.729	26.2615
165.000000	65.719	29.0787
167.500000	65.735	31.8498
170.000000	65.780	34.5424
172.500000	65.856	37.0856
175.000000	65.956	39.4177
177.500000	66.070	41.5330
180.000000	66.189	43.4762
182.500000	66.303	45.2921
185.000000	66.408	46.9903
187.500000	66.505	48.5619
190.000000	66.603	50.0026
192.500000	66.710	51.3161
195.000000	66.829	52.5072
197.500000	66.960	53.5861
200.000000	67.097	54.5755
203.000000	67.269	55.6820
206.000000	67.444	56.7078
209.000000	67.617	57.6147
212.000000	67.778	58.4114
214.000000	67.874	58.9061
218.000000	68.042	59.8420
220.000000	68.113	60.2826
224.000000	68.232	61.1194
227.000000	68.304	61.7227
230.000000	68.371	62.3029
233.000000	68.433	62.8534
236.000000	68.490	63.3892
240.000000	68.551	64.0923
243.000000	68.588	64.6132
247.000000	68.624	65.2891
250.000000	68.643	65.7760
254.000000	68.660	66.4386
258.000000	68.667	67.1773
262.000000	68.673	68.0205
265.000000	68.682	68.7226
269.000000	68.703	69.6903
272.000000	68.726	70.3851
276.000000	68.764	71.2444
280.000000	68.805	72.0354
285.000000	68.850	72.9483
290.000000	68.884	73.8065
295.000000	68.907	74.6436
300.000000	68.917	75.4799
304.000000	68.916	76.1633
307.000000	68.914	76.6816
311.000000	68.909	77.3646
315.000000	68.903	78.0358
320.000000	68.891	78.8790
325.000000	68.878	79.7418
330.000000	68.861	80.6274
335.000000	68.843	81.5437
340.000000	68.826	82.4822
345.000000	68.807	83.4305
350.000000	68.780	84.3814
355.000000	68.746	85.3519
360.000000	68.710	86.3546
365.000000	68.673	87.3667
370.000000	68.635	88.3653
375.000000	68.599	89.3605
382.000000	68.551	90.7875
387.000000	68.518	91.8303
395.000000	68.469	93.5145
400.000000	68.444	94.5534
406.000000	68.418	95.7872
412.000000	68.388	97.0226
418.000000	68.352	98.2923
425.000000	68.312	99.8203
431.000000	68.279	101.1457
437.000000	68.242	102.4719
444.000000	68.197	104.0235
450.000000	68.163	105.3516
455.000000	68.136	106.4425
462.000000	68.095	107.9494
468.000000	68.058	109.2633
475.000000	68.015	110.8442
482.000000	67.974	112.4477
487.000000	67.947	113.5858
494.000000	67.912	115.1542
500.000000	67.887	116.4712
508.000000	67.862	118.2119
515.000000	67.845	119.7556
522.000000	67.825	121.3175
530.000000	67.794	123.1135
538.000000	67.759	124.9261
545.000000	67.730	126.5085
552.000000	67.705	128.0655
560.000000	67.679	129.8167
570.000000	67.651	131.9991
580.000000	67.625	134.2149
590.000000	67.599	136.4659
600.000000	67.573	138.7279
608.000000	67.553	140.5295
615.000000	67.535	142.0915
622.000000	67.517	143.6463
630.000000	67.500	145.4295
640.000000	67.485	147.6693
650.000000	67.474	149.9054
660.000000	67.463	152.1193
670.000000	67.448	154.2898
680.000000	67.428	156.4489
690.000000	67.408	158.6587
700.000000	67.393	160.9396
710.000000	67.388	163.2790
720.000000	67.397	165.6040
730.000000	67.417	167.8182
740.000000	67.438	169.8903
750.000000	67.452	171.8622
762.000000	67.454	174.1848
775.000000	67.438	176.7832
788.000000	67.417	179.5054
800.000000	67.404	-177.9145
812.000000	67.395	-175.2809
825.000000	67.384	-172.3948
838.000000	67.374	-169.4738
850.000000	67.369	-166.7641
862.000000	67.369	-164.0529
875.000000	67.375	-161.1001
885.000000	67.386	-158.8130
900.000000	67.415	-155.3608
912.000000	67.450	-152.5804
925.000000	67.501	-149.5579
938.000000	67.563	-146.5345
950.000000	67.630	-143.7713
962.000000	67.704	-141.0589
975.000000	67.794	-138.1678
988.000000	67.892	-135.3109
1000.000000	67.991	-132.7206
1015.000000	68.123	-129.5558
1030.000000	68.265	-126.4413
1044.000000	68.404	-123.5836
1060.000000	68.574	-120.4196
1075.000000	68.744	-117.5768
1090.000000	68.919	-114.8397
1106.000000	69.108	-112.0048
1120.000000	69.275	-109.5971
1138.000000	69.490	-106.6241
1150.000000	69.635	-104.7059
1172.000000	69.904	-101.2782
1180.000000	70.002	-100.0638
1206.000000	70.327	-96.2845
1220.000000	70.508	-94.3477
1241.000000	70.790	-91.5298
1250.000000	70.916	-90.3451
1265.000000	71.127	-88.3988
1280.000000	71.340	-86.4990
1315.000000	71.808	-82.2692
1320.000000	71.867	-81.6865
1340.000000	72.072	-79.4037
1360.000000	72.224	-77.1844
1380.000000	72.336	-75.0255
1400.000000	72.436	-72.9307
1430.000000	72.602	-69.9253
1450.000000	72.732	-68.0079
1475.000000	72.917	-65.7399
1500.000000	73.123	-63.6213
1525.000000	73.335	-61.6265
1550.000000	73.538	-59.7269
1575.000000	73.726	-57.9024
1600.000000	73.898	-56.1479
1625.000000	74.058	-54.4991
1650.000000	74.199	-52.9638
1675.000000	74.318	-51.4954
1700.000000	74.416	-50.0701
1725.000000	74.491	-48.7009
1750.000000	74.541	-47.3961
1775.000000	74.567	-46.1165
1800.000000	74.569	-44.8228
1825.000000	74.549	-43.4978
1850.000000	74.508	-42.1318
1875.000000	74.449	-40.7086
1900.000000	74.373	-39.2154
1925.000000	74.282	-37.6512
1950.000000	74.181	-36.0154
1975.000000	74.072	-34.3055
2000.000000	73.953	-32.5153
2030.000000	73.802	-30.2746
2060.000000	73.643	-27.9489
2090.000000	73.474	-25.5220
2120.000000	73.298	-22.9600
2140.000000	73.179	-21.1738
2180.000000	72.953	-17.4577
2200.000000	72.846	-15.5416
2240.000000	72.645	-11.5728
2270.000000	72.500	-8.4914
2300.000000	72.361	-5.3613
2330.000000	72.232	-2.1852
2360.000000	72.112	1.0465
2400.000000	71.965	5.4194
2430.000000	71.864	8.7183
2470.000000	71.742	13.1180
2500.000000	71.661	16.4255
2540.000000	71.566	20.8567
2580.000000	71.488	25.2956
2620.000000	71.427	29.7214
2650.000000	71.392	33.0293
2690.000000	71.356	37.4198
2720.000000	71.335	40.6836
2760.000000	71.318	44.9792
2800.000000	71.313	49.2120
2850.000000	71.320	54.4299
2900.000000	71.343	59.5750
2950.000000	71.382	64.6580
3000.000000	71.433	69.6898
3040.000000	71.484	73.6543
3070.000000	71.528	76.5793
3110.000000	71.596	80.4269
3150.000000	71.675	84.2246
3200.000000	71.792	88.8568
3250.000000	71.930	93.3500
3300.000000	72.084	97.7025
3350.000000	72.249	101.8856
3400.000000	72.426	105.8698
3450.000000	72.615	109.6035
3500.000000	72.813	113.0135
3550.000000	73.014	116.0236
3600.000000	73.207	118.5714
3650.000000	73.376	120.6354
3700.000000	73.497	122.2616
3750.000000	73.544	123.5947
3820.000000	73.467	125.4641
3870.000000	73.332	127.1536
3950.000000	73.064	130.5653
4000.000000	72.880	132.9598
4060.000000	72.634	136.0355
4120.000000	72.364	139.3418
4180.000000	72.075	142.8511
4250.000000	71.731	147.1300
4310.000000	71.438	150.9113
4370.000000	71.151	154.7971
4440.000000	70.828	159.4536
4500.000000	70.566	163.5301
4550.000000	70.359	166.9863
4620.000000	70.088	171.9148
4680.000000	69.868	176.2135
4750.000000	69.624	-178.7025
4820.000000	69.384	-173.5515
4870.000000	69.211	-169.8244
4940.000000	68.966	-164.5177
5000.000000	68.754	-159.8633
5080.000000	68.468	-153.4579
5150.000000	68.223	-147.5995
5220.000000	67.995	-141.4095
5300.000000	67.779	-133.8939
5380.000000	67.641	-126.0357
5450.000000	67.604	-119.0660
5520.000000	67.654	-112.2036
5600.000000	67.815	-104.7284
5700.000000	68.133	-96.1792
5800.000000	68.530	-88.5627
5900.000000	68.965	-81.7864
6000.000000	69.408	-75.7011
6080.000000	69.752	-71.2404
6150.000000	70.036	-67.5845
6220.000000	70.302	-64.1193
6300.000000	70.587	-60.3469
6400.000000	70.922	-55.8392
6500.000000	71.246	-51.4828
6600.000000	71.574	-47.2300
6700.000000	71.926	-43.0647
6800.000000	72.323	-39.0070
6900.000000	72.788	-35.1426
7000.000000	73.335	-31.6433
7100.000000	73.973	-28.7434
7200.000000	74.700	-26.7250
7300.000000	75.494	-25.8903
7400.000000	76.311	-26.5012
7500.000000	77.080	-28.7267
7620.000000	77.800	-33.4775
7750.000000	78.139	-40.4880
7880.000000	77.883	-47.9617
8000.000000	77.128	-53.7770
8120.000000	75.996	-57.5603
8250.000000	74.537	-58.9911
8380.000000	73.037	-57.9065
8500.000000	71.749	-55.2240
8620.000000	70.616	-51.4978
8750.000000	69.577	-46.7952
8850.000000	68.896	-42.9418
9000.000000	68.026	-37.0364
9120.000000	67.429	-32.3468
9250.000000	66.852	-27.4221
9380.000000	66.325	-22.7043
9500.000000	65.869	-18.4804
9620.000000	65.439	-14.2897
9750.000000	65.008	-9.7302
9880.000000	64.618	-5.1533
10000.000000	64.300	-0.9659
10150.000000	63.951	4.0585
10300.000000	63.614	8.8193
10440.000000	63.289	13.2900
10600.000000	62.928	18.6595
10750.000000	62.637	23.9009
10900.000000	62.407	29.2325
11060.000000	62.233	34.9194
11200.000000	62.137	39.8447
11380.000000	62.078	46.1409
11500.000000	62.083	50.3763
11720.000000	62.234	58.2614
11800.000000	62.346	61.1036
12060.000000	62.917	69.8046
12200.000000	63.343	74.0697
12410.000000	64.142	79.9448
12500.000000	64.551	82.2268
12650.000000	65.323	85.5655
12800.000000	66.204	88.1124
13150.000000	68.641	89.1838
13200.000000	69.025	88.5711
13400.000000	70.584	83.6305
13600.000000	71.983	74.3058
13800.000000	72.878	61.0753
14000.000000	72.980	45.8454
14300.000000	71.614	25.0954
14500.000000	70.040	15.3605
14750.000000	67.860	8.5029
15000.000000	65.859	6.4309
15250.000000	64.244	7.3452
15500.000000	63.014	9.6688
15750.000000	62.144	12.2872
16000.000000	61.697	14.4337
16250.000000	61.747	15.4513
16500.000000	62.258	14.6672
16750.000000	63.082	11.3635
17000.000000	63.993	4.9709
17250.000000	64.731	-4.5815
17500.000000	65.070	-16.6784
17750.000000	64.871	-30.0836
18000.000000	64.115	-43.2614
18250.000000	62.905	-54.8582
18500.000000	61.428	-64.1927
18750.000000	59.843	-71.1933
19000.000000	58.256	-75.9083
19250.000000	56.768	-78.5233
19500.000000	55.486	-79.5889
19750.000000	54.519	-79.9163
20000.000000	53.998	-80.0733
