* Measurement data measured by REW V5.40 beta 103
* Source: Microphone (2- USB Sound Device        ), MICROPHONE (Master Volume), L, volume: 0.800
* Format: 256k Log Swept Sine, 1 sweep at -6.0 dBFS with no timing reference
* Dated: 25-Oct-2025 21:41:51
* REW Settings:
*  C-weighting compensation: Off
*  Target level: 75.0 dB
* Note: 
* Measurement: Soundpeats Air5 Pro Plus R
* Smoothing: 1/24 octave
* Frequency Step: 1/48 octave
* Start Frequency: 20.000 Hz
*
* Freq(Hz)	SPL(dB)	Phase(degrees)
20.000000	73.596	34.0665
20.299999	73.742	33.5135
20.600000	73.856	32.9944
20.900000	73.931	32.4888
21.200001	73.962	32.0115
21.400000	73.960	31.7247
21.799999	73.910	31.2464
22.000000	73.872	31.0405
22.400000	73.789	30.5967
22.700001	73.723	30.1421
23.000000	73.650	29.5281
23.299999	73.566	28.7594
23.600000	73.472	27.8806
24.000000	73.343	26.6191
24.299999	73.256	25.6295
24.700001	73.173	24.2237
25.000000	73.137	23.0825
25.400000	73.112	21.4715
25.799999	73.105	19.8673
26.200001	73.115	18.4031
26.500000	73.135	17.4444
26.900000	73.181	16.3570
27.200001	73.226	15.6698
27.600000	73.291	14.9050
28.000000	73.354	14.2996
28.500000	73.420	13.7398
29.000000	73.455	13.3571
29.500000	73.460	13.1224
30.000000	73.443	12.9904
30.400000	73.418	12.8811
30.700001	73.393	12.7473
31.100000	73.348	12.4704
31.500000	73.286	12.1014
32.000000	73.195	11.5916
32.500000	73.114	11.0602
33.000000	73.060	10.4323
33.500000	73.026	9.6504
34.000000	73.004	8.7840
34.500000	72.993	7.9603
35.000000	73.001	7.2348
35.500000	73.027	6.5847
36.000000	73.062	5.9952
36.500000	73.096	5.4952
37.000000	73.125	5.1141
37.500000	73.150	4.8402
38.200001	73.173	4.5472
38.700001	73.179	4.3442
39.500000	73.171	3.9803
40.000000	73.160	3.7173
40.599998	73.146	3.3401
41.200001	73.137	2.8838
41.799999	73.134	2.3799
42.500000	73.143	1.7838
43.099998	73.162	1.2707
43.700001	73.190	0.7428
44.400002	73.229	0.1180
45.000000	73.261	-0.3874
45.500000	73.286	-0.7648
46.200001	73.327	-1.2654
46.799999	73.365	-1.7445
47.500000	73.399	-2.3519
48.200001	73.429	-2.8918
48.700001	73.465	-3.2369
49.400002	73.537	-3.7763
50.000000	73.595	-4.3277
50.799999	73.642	-5.1020
51.500000	73.673	-5.7834
52.200001	73.706	-6.4998
53.000000	73.739	-7.3512
53.799999	73.765	-8.1974
54.500000	73.793	-8.9470
55.200001	73.825	-9.7564
56.000000	73.861	-10.7747
57.000000	73.902	-12.0955
58.000000	73.951	-13.4539
59.000000	73.990	-14.8960
60.000000	74.006	-16.2920
60.799999	74.012	-17.3779
61.500000	74.010	-18.3786
62.200001	73.994	-19.4296
63.000000	73.963	-20.6473
64.000000	73.915	-22.1894
65.000000	73.862	-23.7710
66.000000	73.804	-25.3346
67.000000	73.742	-26.8352
68.000000	73.669	-28.2690
69.000000	73.575	-29.6361
70.000000	73.460	-30.9468
71.000000	73.333	-32.2060
72.000000	73.202	-33.3931
73.000000	73.077	-34.4892
74.000000	72.963	-35.4921
75.000000	72.856	-36.4221
76.199997	72.712	-37.4568
77.500000	72.525	-38.3496
78.800003	72.326	-39.1505
80.000000	72.129	-39.9885
81.199997	71.925	-40.9175
82.500000	71.720	-41.9402
83.800003	71.550	-42.9076
85.000000	71.420	-43.6666
86.199997	71.301	-44.2789
87.500000	71.166	-44.7820
88.500000	71.053	-45.1192
90.000000	70.850	-45.6684
91.199997	70.664	-46.0837
92.500000	70.471	-46.5236
93.800003	70.306	-47.0395
95.000000	70.167	-47.6216
96.199997	70.029	-48.1798
97.500000	69.878	-48.6493
98.800003	69.726	-48.9835
100.000000	69.588	-49.2278
101.500000	69.423	-49.5176
103.000000	69.260	-49.9013
104.400002	69.101	-50.2248
106.000000	68.928	-50.5327
107.500000	68.764	-50.8174
109.000000	68.595	-51.1117
110.599998	68.402	-51.4604
112.000000	68.233	-51.7171
113.800003	68.029	-52.0025
115.000000	67.897	-52.1508
117.199997	67.659	-52.3496
118.000000	67.572	-52.4168
120.599998	67.296	-52.7318
122.000000	67.143	-52.9054
124.099998	66.928	-53.0156
125.000000	66.838	-53.0449
126.500000	66.681	-53.0330
128.000000	66.521	-52.9709
131.500000	66.134	-52.9020
132.000000	66.077	-52.8992
134.000000	65.853	-52.8964
136.000000	65.623	-52.7774
138.000000	65.409	-52.3887
140.000000	65.202	-52.0143
143.000000	64.879	-51.4849
145.000000	64.667	-51.0834
147.500000	64.407	-50.4412
150.000000	64.149	-49.6939
152.500000	63.915	-48.8952
155.000000	63.707	-48.0475
157.500000	63.503	-46.9780
160.000000	63.316	-45.8147
162.500000	63.146	-44.7921
165.000000	62.971	-43.6858
167.500000	62.805	-42.3578
170.000000	62.660	-41.0513
172.500000	62.547	-39.7413
175.000000	62.454	-38.3522
177.500000	62.363	-36.9259
180.000000	62.268	-35.6416
182.500000	62.181	-34.4250
185.000000	62.110	-33.1033
187.500000	62.045	-31.7632
190.000000	61.971	-30.5545
192.500000	61.905	-29.4917
195.000000	61.872	-28.3920
197.500000	61.872	-27.2864
200.000000	61.877	-26.2548
203.000000	61.907	-25.1688
206.000000	61.991	-24.2091
209.000000	62.090	-23.3043
212.000000	62.174	-22.3849
214.000000	62.228	-21.8197
218.000000	62.330	-20.8452
220.000000	62.369	-20.3916
224.000000	62.440	-19.6417
227.000000	62.495	-19.1193
230.000000	62.548	-18.5724
233.000000	62.595	-18.0905
236.000000	62.643	-17.6603
240.000000	62.709	-17.1315
243.000000	62.750	-16.7680
247.000000	62.802	-16.3880
250.000000	62.840	-16.1825
254.000000	62.888	-15.9253
258.000000	62.930	-15.7484
262.000000	62.965	-15.5815
265.000000	62.991	-15.3748
269.000000	63.022	-15.0630
272.000000	63.043	-14.8553
276.000000	63.063	-14.6556
280.000000	63.079	-14.5188
285.000000	63.092	-14.2825
290.000000	63.091	-14.0003
295.000000	63.087	-13.6549
300.000000	63.094	-13.1716
304.000000	63.101	-12.6315
307.000000	63.114	-12.1189
311.000000	63.146	-11.3974
315.000000	63.200	-10.8407
320.000000	63.303	-10.4086
325.000000	63.432	-10.1168
330.000000	63.559	-10.1135
335.000000	63.662	-10.3500
340.000000	63.739	-10.6777
345.000000	63.795	-10.9742
350.000000	63.814	-11.2894
355.000000	63.798	-11.5664
360.000000	63.768	-11.7509
365.000000	63.748	-11.8452
370.000000	63.743	-11.8735
375.000000	63.744	-11.7981
382.000000	63.738	-11.5034
387.000000	63.755	-11.2639
395.000000	63.800	-11.1786
400.000000	63.812	-11.2521
406.000000	63.826	-11.4069
412.000000	63.821	-11.4069
418.000000	63.800	-11.3327
425.000000	63.782	-11.2598
431.000000	63.783	-11.1664
437.000000	63.782	-11.0550
444.000000	63.775	-10.9663
450.000000	63.774	-10.9057
455.000000	63.780	-10.8359
462.000000	63.788	-10.7414
468.000000	63.788	-10.6991
475.000000	63.772	-10.6087
482.000000	63.752	-10.5435
487.000000	63.745	-10.5623
494.000000	63.732	-10.5297
500.000000	63.722	-10.4157
508.000000	63.720	-10.2582
515.000000	63.713	-10.0946
522.000000	63.700	-9.9161
530.000000	63.691	-9.7360
538.000000	63.679	-9.6040
545.000000	63.668	-9.4738
552.000000	63.654	-9.3252
560.000000	63.643	-9.1454
570.000000	63.631	-8.8028
580.000000	63.623	-8.4823
590.000000	63.622	-8.1704
600.000000	63.614	-7.8364
608.000000	63.606	-7.5672
615.000000	63.596	-7.3513
622.000000	63.586	-7.1707
630.000000	63.575	-6.9527
640.000000	63.560	-6.5939
650.000000	63.551	-6.0733
660.000000	63.559	-5.5797
670.000000	63.583	-5.1330
680.000000	63.612	-4.6195
690.000000	63.641	-4.1339
700.000000	63.667	-3.6190
710.000000	63.713	-3.0434
720.000000	63.767	-2.5993
730.000000	63.807	-2.1928
740.000000	63.844	-1.8182
750.000000	63.891	-1.5613
762.000000	63.954	-1.3550
775.000000	64.007	-1.1128
788.000000	64.056	-0.8144
800.000000	64.114	-0.4131
812.000000	64.164	0.1494
825.000000	64.209	0.6109
838.000000	64.262	1.0075
850.000000	64.314	1.3411
862.000000	64.359	1.6710
875.000000	64.411	2.1197
885.000000	64.460	2.5101
900.000000	64.535	3.0324
912.000000	64.596	3.4272
925.000000	64.672	3.8158
938.000000	64.744	4.2050
950.000000	64.809	4.6322
962.000000	64.887	5.0310
975.000000	64.982	5.3632
988.000000	65.083	5.6640
1000.000000	65.180	5.9516
1015.000000	65.298	6.3645
1030.000000	65.414	6.7927
1044.000000	65.524	7.0860
1060.000000	65.655	7.2959
1075.000000	65.786	7.5113
1090.000000	65.917	7.7287
1106.000000	66.060	7.8820
1120.000000	66.191	7.9155
1138.000000	66.370	7.9846
1150.000000	66.485	8.0641
1172.000000	66.693	8.0967
1180.000000	66.772	8.0693
1206.000000	67.035	7.9392
1220.000000	67.181	7.7918
1241.000000	67.417	7.5710
1250.000000	67.527	7.4637
1265.000000	67.720	7.2568
1280.000000	67.920	7.0428
1315.000000	68.371	6.3752
1320.000000	68.428	6.2651
1340.000000	68.625	5.7567
1360.000000	68.753	5.2070
1380.000000	68.829	4.6614
1400.000000	68.891	4.0755
1430.000000	69.022	3.0379
1450.000000	69.148	2.2131
1475.000000	69.344	1.1466
1500.000000	69.550	0.0303
1525.000000	69.743	-1.2304
1550.000000	69.939	-2.5903
1575.000000	70.129	-3.9864
1600.000000	70.300	-5.3866
1625.000000	70.448	-6.8849
1650.000000	70.584	-8.5235
1675.000000	70.697	-10.2028
1700.000000	70.785	-11.9024
1725.000000	70.849	-13.6365
1750.000000	70.890	-15.3503
1775.000000	70.904	-17.0847
1800.000000	70.899	-18.7591
1825.000000	70.877	-20.3987
1850.000000	70.843	-21.9885
1875.000000	70.790	-23.4804
1900.000000	70.721	-24.8646
1925.000000	70.639	-26.1789
1950.000000	70.544	-27.4652
1975.000000	70.436	-28.7049
2000.000000	70.310	-29.8056
2030.000000	70.149	-30.9135
2060.000000	69.984	-31.8864
2090.000000	69.828	-32.7701
2120.000000	69.682	-33.5370
2140.000000	69.587	-33.9751
2180.000000	69.377	-34.6400
2200.000000	69.268	-34.8623
2240.000000	69.053	-35.2300
2270.000000	68.903	-35.4305
2300.000000	68.768	-35.5598
2330.000000	68.639	-35.6734
2360.000000	68.515	-35.6879
2400.000000	68.362	-35.5737
2430.000000	68.259	-35.3945
2470.000000	68.134	-35.1356
2500.000000	68.055	-34.9393
2540.000000	67.959	-34.6054
2580.000000	67.871	-34.1626
2620.000000	67.797	-33.7003
2650.000000	67.751	-33.3980
2690.000000	67.706	-32.9052
2720.000000	67.683	-32.4636
2760.000000	67.658	-31.8360
2800.000000	67.650	-31.2018
2850.000000	67.667	-30.5558
2900.000000	67.707	-29.9616
2950.000000	67.788	-29.3484
3000.000000	67.894	-28.8247
3040.000000	67.992	-28.5007
3070.000000	68.068	-28.2816
3110.000000	68.177	-28.0393
3150.000000	68.306	-27.9455
3200.000000	68.490	-28.0648
3250.000000	68.682	-28.4421
3300.000000	68.881	-29.1178
3350.000000	69.074	-30.1114
3400.000000	69.243	-31.4315
3450.000000	69.374	-33.0248
3500.000000	69.462	-34.8153
3550.000000	69.499	-36.7459
3600.000000	69.484	-38.7684
3650.000000	69.422	-40.7898
3700.000000	69.321	-42.7274
3750.000000	69.193	-44.5236
3820.000000	68.968	-46.7183
3870.000000	68.792	-48.0137
3950.000000	68.496	-49.8738
4000.000000	68.293	-50.8743
4060.000000	68.026	-51.7800
4120.000000	67.732	-52.4629
4180.000000	67.415	-52.9825
4250.000000	67.025	-53.4123
4310.000000	66.680	-53.6254
4370.000000	66.330	-53.6381
4440.000000	65.934	-53.4690
4500.000000	65.620	-53.1590
4550.000000	65.373	-52.7757
4620.000000	65.047	-52.1495
4680.000000	64.777	-51.5400
4750.000000	64.467	-50.6847
4820.000000	64.169	-49.6121
4870.000000	63.960	-48.7601
4940.000000	63.673	-47.4612
5000.000000	63.431	-46.2226
5080.000000	63.115	-44.3911
5150.000000	62.860	-42.6407
5220.000000	62.627	-40.8225
5300.000000	62.369	-38.6353
5380.000000	62.125	-36.3054
5450.000000	61.925	-34.1409
5520.000000	61.744	-31.9113
5600.000000	61.566	-29.2743
5700.000000	61.369	-25.8412
5800.000000	61.231	-22.1657
5900.000000	61.159	-18.3021
6000.000000	61.170	-14.2601
6080.000000	61.247	-10.9204
6150.000000	61.346	-8.1023
6220.000000	61.444	-5.4164
6300.000000	61.552	-2.2356
6400.000000	61.752	2.0813
6500.000000	62.095	6.3310
6600.000000	62.564	9.9697
6700.000000	63.111	12.9626
6800.000000	63.706	15.3166
6900.000000	64.319	17.0442
7000.000000	64.943	18.2668
7100.000000	65.584	19.0250
7200.000000	66.240	19.3763
7300.000000	66.912	19.3751
7400.000000	67.615	19.1205
7500.000000	68.383	18.5786
7620.000000	69.416	17.2790
7750.000000	70.630	14.6473
7880.000000	71.794	9.9553
8000.000000	72.663	3.3229
8120.000000	73.179	-5.4006
8250.000000	73.195	-16.1395
8380.000000	72.644	-26.4447
8500.000000	71.769	-34.2492
8620.000000	70.717	-39.8099
8750.000000	69.553	-43.4252
8850.000000	68.707	-44.8392
9000.000000	67.564	-45.4427
9120.000000	66.762	-45.0565
9250.000000	65.981	-44.0564
9380.000000	65.271	-42.6693
9500.000000	64.687	-41.0896
9620.000000	64.177	-39.2232
9750.000000	63.695	-36.9516
9880.000000	63.278	-34.5110
10000.000000	62.952	-32.1755
10150.000000	62.623	-29.1367
10300.000000	62.373	-26.1020
10440.000000	62.190	-23.3581
10600.000000	62.014	-20.3203
10750.000000	61.874	-17.4656
10900.000000	61.773	-14.5712
11060.000000	61.720	-11.4545
11200.000000	61.723	-8.7613
11380.000000	61.759	-5.3618
11500.000000	61.784	-3.0920
11720.000000	61.826	1.1751
11800.000000	61.850	2.8341
12060.000000	62.052	8.9258
12200.000000	62.252	12.3015
12410.000000	62.655	17.0236
12500.000000	62.854	18.8976
12650.000000	63.207	21.8344
12800.000000	63.578	24.5378
13150.000000	64.351	29.9573
13200.000000	64.441	30.6182
13400.000000	64.779	32.8694
13600.000000	65.183	34.5322
13800.000000	65.779	35.6740
14000.000000	66.558	36.1961
14300.000000	68.082	35.0369
14500.000000	69.262	31.7729
14750.000000	70.553	23.6003
15000.000000	71.133	11.2540
15250.000000	70.532	-1.4338
15500.000000	68.978	-8.7669
15750.000000	67.434	-9.0695
16000.000000	66.803	-12.6061
16250.000000	65.168	-19.0465
16500.000000	63.059	-16.1646
16750.000000	61.906	-8.7452
17000.000000	61.309	-4.6585
17250.000000	60.527	0.1084
17500.000000	59.927	4.3806
17750.000000	59.083	9.2379
18000.000000	59.049	21.6218
18250.000000	59.715	23.1718
18500.000000	59.290	18.5587
18750.000000	58.081	16.7066
19000.000000	56.581	18.6298
19250.000000	55.077	23.5899
19500.000000	53.623	30.2653
19750.000000	52.225	37.0168
