* Measurement data measured by REW V5.40 beta 100
* Source: Microphone (2- USB Sound Device        ), MICROPHONE (Master Volume), L, volume: 1.000
* Format: 256k Log Swept Sine, 1 sweep at -12.0 dBFS with no timing reference
* Dated: 25-Sep-2025 10:23:43
* REW Settings:
*  C-weighting compensation: Off
*  Target level: 75.0 dB
* Note: 
* Measurement: L SoundPEATS H3 L Sep 25
* Smoothing: 1/24 octave
* Frequency Step: 1/48 octave
* Start Frequency: 20.000 Hz
*
* Freq(Hz)	SPL(dB)	Phase(degrees)
20.000000	78.469	-132.4263
20.299999	78.517	-132.8040
20.600000	78.597	-133.2261
20.900000	78.702	-133.7950
21.200001	78.819	-134.5755
21.400000	78.892	-135.2111
21.799999	78.997	-136.6376
22.000000	79.027	-137.3400
22.400000	79.051	-138.4974
22.700001	79.063	-139.0410
23.000000	79.096	-139.3209
23.299999	79.170	-139.4606
23.600000	79.283	-139.6295
24.000000	79.460	-140.1051
24.299999	79.580	-140.6684
24.700001	79.695	-141.5352
25.000000	79.747	-142.1261
25.400000	79.794	-142.7035
25.799999	79.847	-143.0772
26.200001	79.919	-143.4251
26.500000	79.978	-143.7694
26.900000	80.042	-144.3624
27.200001	80.071	-144.8500
27.600000	80.088	-145.4395
28.000000	80.101	-145.8832
28.500000	80.151	-146.3176
29.000000	80.241	-146.8957
29.500000	80.343	-147.7969
30.000000	80.416	-148.9034
30.400000	80.447	-149.7533
30.700001	80.464	-150.3042
31.100000	80.493	-150.9223
31.500000	80.538	-151.4740
32.000000	80.611	-152.1864
32.500000	80.683	-152.9529
33.000000	80.741	-153.6973
33.500000	80.790	-154.3528
34.000000	80.838	-154.9283
34.500000	80.890	-155.4688
35.000000	80.942	-156.0066
35.500000	80.995	-156.5690
36.000000	81.048	-157.1932
36.500000	81.099	-157.9060
37.000000	81.137	-158.6902
37.500000	81.158	-159.4848
38.200001	81.161	-160.4811
38.700001	81.163	-161.0641
39.500000	81.198	-161.8872
40.000000	81.240	-162.4715
40.599998	81.289	-163.3134
41.200001	81.320	-164.2123
41.799999	81.338	-165.0256
42.500000	81.365	-165.8465
43.099998	81.396	-166.5545
43.700001	81.422	-167.3273
44.400002	81.439	-168.2370
45.000000	81.447	-168.9607
45.500000	81.455	-169.5359
46.200001	81.465	-170.3456
46.799999	81.471	-171.0472
47.500000	81.477	-171.8497
48.200001	81.485	-172.6241
48.700001	81.497	-173.1638
49.400002	81.522	-173.9230
50.000000	81.536	-174.6021
50.799999	81.520	-175.5233
51.500000	81.491	-176.2738
52.200001	81.470	-176.9794
53.000000	81.456	-177.8159
53.799999	81.435	-178.6698
54.500000	81.412	-179.3657
55.200001	81.391	179.9874
56.000000	81.368	179.2728
57.000000	81.342	178.3820
58.000000	81.314	177.4283
59.000000	81.271	176.4509
60.000000	81.226	175.5507
60.799999	81.195	174.8496
61.500000	81.170	174.2353
62.200001	81.146	173.6359
63.000000	81.121	172.9694
64.000000	81.088	172.1374
65.000000	81.045	171.3210
66.000000	80.996	170.5321
67.000000	80.939	169.7423
68.000000	80.872	169.0009
69.000000	80.807	168.3026
70.000000	80.744	167.5594
71.000000	80.680	166.8124
72.000000	80.620	166.1050
73.000000	80.563	165.4316
74.000000	80.510	164.7854
75.000000	80.457	164.1233
76.199997	80.386	163.2944
77.500000	80.299	162.3956
78.800003	80.203	161.5637
80.000000	80.115	160.9030
81.199997	80.037	160.2926
82.500000	79.952	159.5913
83.800003	79.861	158.8838
85.000000	79.772	158.2253
86.199997	79.671	157.5783
87.500000	79.557	156.9476
88.500000	79.475	156.4847
90.000000	79.353	155.7723
91.199997	79.256	155.2086
92.500000	79.152	154.5764
93.800003	79.044	153.9290
95.000000	78.939	153.3493
96.199997	78.828	152.7988
97.500000	78.706	152.2791
98.800003	78.587	151.7891
100.000000	78.472	151.2954
101.500000	78.319	150.7605
103.000000	78.172	150.2985
104.400002	78.039	149.8824
106.000000	77.894	149.3553
107.500000	77.749	148.8421
109.000000	77.594	148.3663
110.599998	77.415	147.9225
112.000000	77.250	147.6040
113.800003	77.041	147.2908
115.000000	76.913	147.0790
117.199997	76.674	146.6086
118.000000	76.580	146.4757
120.599998	76.259	146.2822
122.000000	76.082	146.2511
124.099998	75.816	146.1799
125.000000	75.702	146.1609
126.500000	75.511	146.1973
128.000000	75.323	146.3675
131.500000	74.903	146.9875
132.000000	74.840	147.0739
134.000000	74.581	147.4601
136.000000	74.319	147.9376
138.000000	74.057	148.5887
140.000000	73.800	149.3661
143.000000	73.422	150.8827
145.000000	73.231	152.0774
147.500000	73.015	153.4979
150.000000	72.798	155.1099
152.500000	72.602	156.9648
155.000000	72.442	158.9066
157.500000	72.314	160.9015
160.000000	72.219	162.9061
162.500000	72.159	164.7429
165.000000	72.127	166.5344
167.500000	72.140	168.3513
170.000000	72.174	170.1441
172.500000	72.225	171.8149
175.000000	72.295	173.2260
177.500000	72.373	174.4432
180.000000	72.456	175.6193
182.500000	72.540	176.7061
185.000000	72.605	177.6589
187.500000	72.649	178.5140
190.000000	72.686	179.2323
192.500000	72.739	179.8633
195.000000	72.814	-179.5818
197.500000	72.891	-179.0138
200.000000	72.964	-178.4686
203.000000	73.064	-178.1259
206.000000	73.182	-177.9379
209.000000	73.319	-177.5997
212.000000	73.442	-177.3077
214.000000	73.504	-177.2173
218.000000	73.602	-177.0962
220.000000	73.645	-177.0137
224.000000	73.718	-176.8624
227.000000	73.762	-176.7956
230.000000	73.793	-176.7012
233.000000	73.816	-176.5744
236.000000	73.838	-176.4998
240.000000	73.861	-176.4081
243.000000	73.870	-176.2566
247.000000	73.874	-176.0788
250.000000	73.881	-175.9814
254.000000	73.902	-175.9468
258.000000	73.911	-175.9181
262.000000	73.900	-175.8170
265.000000	73.890	-175.7511
269.000000	73.884	-175.6379
272.000000	73.875	-175.5216
276.000000	73.855	-175.3619
280.000000	73.843	-175.1778
285.000000	73.824	-174.8617
290.000000	73.794	-174.5779
295.000000	73.762	-174.2176
300.000000	73.735	-173.8652
304.000000	73.712	-173.6305
307.000000	73.696	-173.4192
311.000000	73.678	-173.0874
315.000000	73.661	-172.8147
320.000000	73.630	-172.5174
325.000000	73.589	-172.0448
330.000000	73.559	-171.5342
335.000000	73.543	-171.0938
340.000000	73.521	-170.7562
345.000000	73.503	-170.2821
350.000000	73.492	-169.6775
355.000000	73.468	-169.0228
360.000000	73.453	-168.4183
365.000000	73.455	-167.8068
370.000000	73.479	-167.1619
375.000000	73.511	-166.4863
382.000000	73.546	-165.7377
387.000000	73.570	-165.3025
395.000000	73.602	-164.6211
400.000000	73.618	-164.2038
406.000000	73.640	-163.6921
412.000000	73.662	-163.1795
418.000000	73.694	-162.7470
425.000000	73.734	-162.2421
431.000000	73.772	-161.7564
437.000000	73.794	-161.2489
444.000000	73.797	-160.7515
450.000000	73.807	-160.3821
455.000000	73.828	-159.9919
462.000000	73.861	-159.3224
468.000000	73.899	-158.8106
475.000000	73.954	-158.2092
482.000000	74.007	-157.6028
487.000000	74.044	-157.1944
494.000000	74.095	-156.7590
500.000000	74.130	-156.4519
508.000000	74.181	-155.8575
515.000000	74.234	-155.3020
522.000000	74.286	-154.8143
530.000000	74.344	-154.3234
538.000000	74.402	-153.8792
545.000000	74.445	-153.5707
552.000000	74.494	-153.3007
560.000000	74.552	-152.8526
570.000000	74.621	-152.2314
580.000000	74.698	-151.7235
590.000000	74.774	-151.2824
600.000000	74.854	-150.8013
608.000000	74.921	-150.5054
615.000000	74.974	-150.2020
622.000000	75.034	-149.8691
630.000000	75.100	-149.5343
640.000000	75.169	-149.2112
650.000000	75.234	-148.8040
660.000000	75.305	-148.4787
670.000000	75.373	-148.2178
680.000000	75.425	-147.9039
690.000000	75.477	-147.6879
700.000000	75.551	-147.4966
710.000000	75.636	-147.2422
720.000000	75.705	-146.9335
730.000000	75.759	-146.6714
740.000000	75.817	-146.3772
750.000000	75.873	-146.1035
762.000000	75.930	-145.7962
775.000000	75.997	-145.5322
788.000000	76.053	-145.2815
800.000000	76.103	-144.9267
812.000000	76.159	-144.6238
825.000000	76.223	-144.2907
838.000000	76.275	-143.8738
850.000000	76.314	-143.5126
862.000000	76.362	-143.1748
875.000000	76.416	-142.7441
885.000000	76.462	-142.3992
900.000000	76.539	-141.7801
912.000000	76.605	-141.2987
925.000000	76.672	-140.8416
938.000000	76.731	-140.3603
950.000000	76.789	-139.8986
962.000000	76.854	-139.4516
975.000000	76.936	-138.9247
988.000000	77.018	-138.4269
1000.000000	77.092	-138.0818
1015.000000	77.199	-137.6361
1030.000000	77.316	-137.1144
1044.000000	77.417	-136.6091
1060.000000	77.530	-136.0712
1075.000000	77.655	-135.6689
1090.000000	77.784	-135.3124
1106.000000	77.915	-135.0281
1120.000000	78.024	-134.7829
1138.000000	78.173	-134.4096
1150.000000	78.280	-134.1754
1172.000000	78.480	-133.7943
1180.000000	78.551	-133.6759
1206.000000	78.793	-133.3964
1220.000000	78.932	-133.2763
1241.000000	79.156	-133.1098
1250.000000	79.260	-133.0591
1265.000000	79.439	-133.0392
1280.000000	79.625	-133.0433
1315.000000	80.058	-133.2327
1320.000000	80.112	-133.2750
1340.000000	80.286	-133.4545
1360.000000	80.392	-133.6387
1380.000000	80.446	-133.8631
1400.000000	80.485	-134.1878
1430.000000	80.569	-134.7392
1450.000000	80.659	-135.1334
1475.000000	80.811	-135.6065
1500.000000	81.000	-136.1516
1525.000000	81.194	-136.6836
1550.000000	81.374	-137.2327
1575.000000	81.547	-137.8414
1600.000000	81.705	-138.5279
1625.000000	81.851	-139.2921
1650.000000	81.986	-139.9073
1675.000000	82.119	-140.5248
1700.000000	82.254	-141.2892
1725.000000	82.381	-142.0506
1750.000000	82.502	-142.7095
1775.000000	82.616	-143.3639
1800.000000	82.719	-144.0682
1825.000000	82.826	-144.7762
1850.000000	82.938	-145.4569
1875.000000	83.053	-146.1189
1900.000000	83.163	-146.7715
1925.000000	83.266	-147.4488
1950.000000	83.366	-148.1301
1975.000000	83.464	-148.8189
2000.000000	83.560	-149.5151
2030.000000	83.672	-150.4110
2060.000000	83.786	-151.3308
2090.000000	83.917	-152.2806
2120.000000	84.043	-153.2863
2140.000000	84.125	-153.9418
2180.000000	84.295	-155.3871
2200.000000	84.371	-156.0637
2240.000000	84.521	-157.4731
2270.000000	84.640	-158.6899
2300.000000	84.760	-159.9423
2330.000000	84.872	-161.2347
2360.000000	84.974	-162.5735
2400.000000	85.104	-164.4294
2430.000000	85.192	-165.9279
2470.000000	85.300	-168.0535
2500.000000	85.369	-169.7346
2540.000000	85.444	-172.0218
2580.000000	85.498	-174.4365
2620.000000	85.515	-176.9657
2650.000000	85.485	-178.9134
2690.000000	85.396	178.9141
2720.000000	85.361	177.4630
2760.000000	85.322	175.1808
2800.000000	85.242	172.7986
2850.000000	85.102	169.9704
2900.000000	84.922	167.4076
2950.000000	84.705	164.9933
3000.000000	84.458	162.7844
3040.000000	84.248	161.1555
3070.000000	84.087	160.0132
3110.000000	83.873	158.5937
3150.000000	83.652	157.3394
3200.000000	83.379	155.9577
3250.000000	83.124	154.7466
3300.000000	82.869	153.6577
3350.000000	82.616	152.6560
3400.000000	82.368	151.7091
3450.000000	82.099	150.7721
3500.000000	81.770	150.1476
3550.000000	81.496	150.2597
3600.000000	81.316	150.0406
3650.000000	81.148	149.5421
3700.000000	80.980	148.9770
3750.000000	80.822	148.3662
3820.000000	80.620	147.4099
3870.000000	80.465	146.7249
3950.000000	80.206	145.6039
4000.000000	80.029	144.9057
4060.000000	79.785	144.0773
4120.000000	79.488	143.3212
4180.000000	79.144	142.8074
4250.000000	78.714	142.5173
4310.000000	78.331	142.5139
4370.000000	77.961	142.7321
4440.000000	77.570	143.1951
4500.000000	77.280	143.6891
4550.000000	77.067	144.1401
4620.000000	76.799	144.7750
4680.000000	76.582	145.2996
4750.000000	76.330	145.9450
4820.000000	76.072	146.7396
4870.000000	75.882	147.3856
4940.000000	75.607	148.3766
5000.000000	75.378	149.3564
5080.000000	75.091	150.8971
5150.000000	74.858	152.3954
5220.000000	74.651	154.0239
5300.000000	74.457	156.0894
5380.000000	74.293	158.2645
5450.000000	74.173	160.1490
5520.000000	74.097	162.0354
5600.000000	74.081	164.0178
5700.000000	74.130	166.2317
5800.000000	74.225	168.0220
5900.000000	74.365	169.2372
6000.000000	74.512	170.0179
6080.000000	74.606	170.3779
6150.000000	74.654	170.5661
6220.000000	74.667	170.7299
6300.000000	74.644	170.9581
6400.000000	74.574	171.3836
6500.000000	74.486	171.9654
6600.000000	74.397	172.8143
6700.000000	74.324	173.8409
6800.000000	74.283	175.0325
6900.000000	74.283	176.3640
7000.000000	74.306	177.7987
7100.000000	74.372	179.2316
7200.000000	74.499	-179.3769
7300.000000	74.676	-178.0053
7400.000000	74.889	-176.6167
7500.000000	75.173	-175.1557
7620.000000	75.657	-173.2815
7750.000000	76.389	-171.2946
7880.000000	77.292	-170.0322
8000.000000	78.256	-170.6558
8120.000000	79.238	-174.1010
8250.000000	80.072	178.5061
8380.000000	80.409	168.2680
8500.000000	80.168	158.1251
8620.000000	79.458	149.1491
8750.000000	78.362	141.9362
8850.000000	77.413	138.2865
9000.000000	75.980	135.5870
9120.000000	74.919	135.2155
9250.000000	73.869	135.9630
9380.000000	72.909	137.4999
9500.000000	72.114	139.4058
9620.000000	71.404	141.6856
9750.000000	70.729	144.5039
9880.000000	70.141	147.5980
10000.000000	69.658	150.6449
10150.000000	69.133	154.6810
10300.000000	68.693	158.8902
10440.000000	68.348	162.9122
10600.000000	68.014	167.6010
10750.000000	67.771	172.0640
10900.000000	67.600	176.5424
11060.000000	67.494	-178.6639
11200.000000	67.470	-174.4480
11380.000000	67.502	-168.9881
11500.000000	67.554	-165.3443
11720.000000	67.753	-158.7906
11800.000000	67.863	-156.4296
12060.000000	68.366	-148.8098
12200.000000	68.726	-144.8734
12410.000000	69.382	-139.3987
12500.000000	69.708	-137.2192
12650.000000	70.311	-133.8365
12800.000000	70.974	-130.8646
13150.000000	72.607	-126.1414
13200.000000	72.838	-125.7857
13400.000000	73.787	-125.4438
13600.000000	74.814	-127.3015
13800.000000	75.897	-131.6602
14000.000000	76.822	-138.3365
14300.000000	77.567	-150.7767
14500.000000	77.580	-158.7171
14750.000000	77.166	-166.0444
15000.000000	76.564	-169.4596
15250.000000	76.174	-169.0897
15500.000000	76.348	-167.4618
15750.000000	77.088	-169.5373
16000.000000	77.996	-177.8053
16250.000000	78.438	167.9747
16500.000000	77.793	151.7591
16750.000000	76.196	138.5195
17000.000000	74.090	129.5231
17250.000000	71.688	124.8897
17500.000000	69.145	125.2215
17750.000000	66.869	129.6149
18000.000000	64.969	134.2621
18250.000000	62.939	138.5696
18500.000000	60.483	148.3576
18750.000000	58.416	170.0235
19000.000000	57.974	-164.0094
19250.000000	58.688	-145.6234
19500.000000	59.479	-133.9747
19750.000000	59.954	-126.3787
